lon_0, lat_0, N_0, duration, K_suit, K_max, K_min, p_K, r, emigrant_rate, scale_tree
129.77083333333334 -15.895833333333334 60272 4070 88879 10 0 0.15928556365448351 1.5353448762196988 0.37321021899210566 5e-09
129.77083333333334 -15.895833333333334 60272 4070 88879 10 0 0.15928556365448351 1.5353448762196988 0.37321021899210566 5e-09
129.77083333333334 -15.895833333333334 60272 4070 88879 10 0 0.15928556365448351 1.5353448762196988 0.37321021899210566 5e-09
129.77083333333334 -15.895833333333334 60272 4070 88879 10 0 0.15928556365448351 1.5353448762196988 0.37321021899210566 5e-09
129.77083333333334 -15.895833333333334 60272 4070 88879 10 0 0.15928556365448351 1.5353448762196988 0.37321021899210566 5e-09
129.77083333333334 -15.895833333333334 60272 4070 88879 10 0 0.15928556365448351 1.5353448762196988 0.37321021899210566 5e-09
129.77083333333334 -15.895833333333334 60272 4070 88879 10 0 0.15928556365448351 1.5353448762196988 0.37321021899210566 5e-09
129.77083333333334 -15.895833333333334 60272 4070 88879 10 0 0.15928556365448351 1.5353448762196988 0.37321021899210566 5e-09
129.77083333333334 -15.895833333333334 60272 4070 88879 10 0 0.15928556365448351 1.5353448762196988 0.37321021899210566 5e-09
129.77083333333334 -15.895833333333334 60272 4070 88879 10 0 0.15928556365448351 1.5353448762196988 0.37321021899210566 5e-09
133.4375 -14.729166666666666 31076 4759 48920 10 0 0.23389208733455238 1.0194527967902385 0.0826959124205296 5e-09
133.4375 -14.729166666666666 31076 4759 48920 10 0 0.23389208733455238 1.0194527967902385 0.0826959124205296 5e-09
133.4375 -14.729166666666666 31076 4759 48920 10 0 0.23389208733455238 1.0194527967902385 0.0826959124205296 5e-09
133.4375 -14.729166666666666 31076 4759 48920 10 0 0.23389208733455238 1.0194527967902385 0.0826959124205296 5e-09
133.4375 -14.729166666666666 31076 4759 48920 10 0 0.23389208733455238 1.0194527967902385 0.0826959124205296 5e-09
133.4375 -14.729166666666666 31076 4759 48920 10 0 0.23389208733455238 1.0194527967902385 0.0826959124205296 5e-09
133.4375 -14.729166666666666 31076 4759 48920 10 0 0.23389208733455238 1.0194527967902385 0.0826959124205296 5e-09
133.4375 -14.729166666666666 31076 4759 48920 10 0 0.23389208733455238 1.0194527967902385 0.0826959124205296 5e-09
133.4375 -14.729166666666666 31076 4759 48920 10 0 0.23389208733455238 1.0194527967902385 0.0826959124205296 5e-09
133.4375 -14.729166666666666 31076 4759 48920 10 0 0.23389208733455238 1.0194527967902385 0.0826959124205296 5e-09
132.89583333333334 -15.104166666666666 51955 3861 16237 10 0 0.1578778005482802 3.8265340449084784 0.003277001329355267 5e-09
132.89583333333334 -15.104166666666666 51955 3861 16237 10 0 0.1578778005482802 3.8265340449084784 0.003277001329355267 5e-09
132.89583333333334 -15.104166666666666 51955 3861 16237 10 0 0.1578778005482802 3.8265340449084784 0.003277001329355267 5e-09
132.89583333333334 -15.104166666666666 51955 3861 16237 10 0 0.1578778005482802 3.8265340449084784 0.003277001329355267 5e-09
132.89583333333334 -15.104166666666666 51955 3861 16237 10 0 0.1578778005482802 3.8265340449084784 0.003277001329355267 5e-09
132.89583333333334 -15.104166666666666 51955 3861 16237 10 0 0.1578778005482802 3.8265340449084784 0.003277001329355267 5e-09
132.89583333333334 -15.104166666666666 51955 3861 16237 10 0 0.1578778005482802 3.8265340449084784 0.003277001329355267 5e-09
132.89583333333334 -15.104166666666666 51955 3861 16237 10 0 0.1578778005482802 3.8265340449084784 0.003277001329355267 5e-09
132.89583333333334 -15.104166666666666 51955 3861 16237 10 0 0.1578778005482802 3.8265340449084784 0.003277001329355267 5e-09
132.89583333333334 -15.104166666666666 51955 3861 16237 10 0 0.1578778005482802 3.8265340449084784 0.003277001329355267 5e-09
136.97916666666669 -16.854166666666664 9347 3108 52854 10 0 0.21163807528167033 1.5069375203680133 0.20918014332594653 5e-09
136.97916666666669 -16.854166666666664 9347 3108 52854 10 0 0.21163807528167033 1.5069375203680133 0.20918014332594653 5e-09
136.97916666666669 -16.854166666666664 9347 3108 52854 10 0 0.21163807528167033 1.5069375203680133 0.20918014332594653 5e-09
136.97916666666669 -16.854166666666664 9347 3108 52854 10 0 0.21163807528167033 1.5069375203680133 0.20918014332594653 5e-09
136.97916666666669 -16.854166666666664 9347 3108 52854 10 0 0.21163807528167033 1.5069375203680133 0.20918014332594653 5e-09
136.97916666666669 -16.854166666666664 9347 3108 52854 10 0 0.21163807528167033 1.5069375203680133 0.20918014332594653 5e-09
136.97916666666669 -16.854166666666664 9347 3108 52854 10 0 0.21163807528167033 1.5069375203680133 0.20918014332594653 5e-09
136.97916666666669 -16.854166666666664 9347 3108 52854 10 0 0.21163807528167033 1.5069375203680133 0.20918014332594653 5e-09
136.97916666666669 -16.854166666666664 9347 3108 52854 10 0 0.21163807528167033 1.5069375203680133 0.20918014332594653 5e-09
136.97916666666669 -16.854166666666664 9347 3108 52854 10 0 0.21163807528167033 1.5069375203680133 0.20918014332594653 5e-09
130.77083333333334 -13.979166666666666 24750 4326 70454 10 0 0.22381943089309195 2.7408450319566353 0.17488382428988603 5e-09
130.77083333333334 -13.979166666666666 24750 4326 70454 10 0 0.22381943089309195 2.7408450319566353 0.17488382428988603 5e-09
130.77083333333334 -13.979166666666666 24750 4326 70454 10 0 0.22381943089309195 2.7408450319566353 0.17488382428988603 5e-09
130.77083333333334 -13.979166666666666 24750 4326 70454 10 0 0.22381943089309195 2.7408450319566353 0.17488382428988603 5e-09
130.77083333333334 -13.979166666666666 24750 4326 70454 10 0 0.22381943089309195 2.7408450319566353 0.17488382428988603 5e-09
130.77083333333334 -13.979166666666666 24750 4326 70454 10 0 0.22381943089309195 2.7408450319566353 0.17488382428988603 5e-09
130.77083333333334 -13.979166666666666 24750 4326 70454 10 0 0.22381943089309195 2.7408450319566353 0.17488382428988603 5e-09
130.77083333333334 -13.979166666666666 24750 4326 70454 10 0 0.22381943089309195 2.7408450319566353 0.17488382428988603 5e-09
130.77083333333334 -13.979166666666666 24750 4326 70454 10 0 0.22381943089309195 2.7408450319566353 0.17488382428988603 5e-09
130.77083333333334 -13.979166666666666 24750 4326 70454 10 0 0.22381943089309195 2.7408450319566353 0.17488382428988603 5e-09
134.6875 -12.229166666666666 8309 3085 22866 10 0 0.45618760364705147 3.6313515812433366 0.027632706604367785 5e-09
134.6875 -12.229166666666666 8309 3085 22866 10 0 0.45618760364705147 3.6313515812433366 0.027632706604367785 5e-09
134.6875 -12.229166666666666 8309 3085 22866 10 0 0.45618760364705147 3.6313515812433366 0.027632706604367785 5e-09
134.6875 -12.229166666666666 8309 3085 22866 10 0 0.45618760364705147 3.6313515812433366 0.027632706604367785 5e-09
134.6875 -12.229166666666666 8309 3085 22866 10 0 0.45618760364705147 3.6313515812433366 0.027632706604367785 5e-09
134.6875 -12.229166666666666 8309 3085 22866 10 0 0.45618760364705147 3.6313515812433366 0.027632706604367785 5e-09
134.6875 -12.229166666666666 8309 3085 22866 10 0 0.45618760364705147 3.6313515812433366 0.027632706604367785 5e-09
134.6875 -12.229166666666666 8309 3085 22866 10 0 0.45618760364705147 3.6313515812433366 0.027632706604367785 5e-09
134.6875 -12.229166666666666 8309 3085 22866 10 0 0.45618760364705147 3.6313515812433366 0.027632706604367785 5e-09
134.6875 -12.229166666666666 8309 3085 22866 10 0 0.45618760364705147 3.6313515812433366 0.027632706604367785 5e-09
136.72916666666669 -15.9375 13656 3081 45744 10 0 0.19402912175496875 1.5086186685452296 0.3504147909939553 5e-09
136.72916666666669 -15.9375 13656 3081 45744 10 0 0.19402912175496875 1.5086186685452296 0.3504147909939553 5e-09
136.72916666666669 -15.9375 13656 3081 45744 10 0 0.19402912175496875 1.5086186685452296 0.3504147909939553 5e-09
136.72916666666669 -15.9375 13656 3081 45744 10 0 0.19402912175496875 1.5086186685452296 0.3504147909939553 5e-09
136.72916666666669 -15.9375 13656 3081 45744 10 0 0.19402912175496875 1.5086186685452296 0.3504147909939553 5e-09
136.72916666666669 -15.9375 13656 3081 45744 10 0 0.19402912175496875 1.5086186685452296 0.3504147909939553 5e-09
136.72916666666669 -15.9375 13656 3081 45744 10 0 0.19402912175496875 1.5086186685452296 0.3504147909939553 5e-09
136.72916666666669 -15.9375 13656 3081 45744 10 0 0.19402912175496875 1.5086186685452296 0.3504147909939553 5e-09
136.72916666666669 -15.9375 13656 3081 45744 10 0 0.19402912175496875 1.5086186685452296 0.3504147909939553 5e-09
136.72916666666669 -15.9375 13656 3081 45744 10 0 0.19402912175496875 1.5086186685452296 0.3504147909939553 5e-09
131.10416666666669 -14.0625 98297 3209 79016 10 0 0.4733807577812107 2.116488553122042 0.12860858689437138 5e-09
131.10416666666669 -14.0625 98297 3209 79016 10 0 0.4733807577812107 2.116488553122042 0.12860858689437138 5e-09
131.10416666666669 -14.0625 98297 3209 79016 10 0 0.4733807577812107 2.116488553122042 0.12860858689437138 5e-09
131.10416666666669 -14.0625 98297 3209 79016 10 0 0.4733807577812107 2.116488553122042 0.12860858689437138 5e-09
131.10416666666669 -14.0625 98297 3209 79016 10 0 0.4733807577812107 2.116488553122042 0.12860858689437138 5e-09
131.10416666666669 -14.0625 98297 3209 79016 10 0 0.4733807577812107 2.116488553122042 0.12860858689437138 5e-09
131.10416666666669 -14.0625 98297 3209 79016 10 0 0.4733807577812107 2.116488553122042 0.12860858689437138 5e-09
131.10416666666669 -14.0625 98297 3209 79016 10 0 0.4733807577812107 2.116488553122042 0.12860858689437138 5e-09
131.10416666666669 -14.0625 98297 3209 79016 10 0 0.4733807577812107 2.116488553122042 0.12860858689437138 5e-09
131.10416666666669 -14.0625 98297 3209 79016 10 0 0.4733807577812107 2.116488553122042 0.12860858689437138 5e-09
131.10416666666669 -15.9375 14970 4028 96086 10 0 0.2973282637754346 4.411184872410528 0.3691135987929396 5e-09
131.10416666666669 -15.9375 14970 4028 96086 10 0 0.2973282637754346 4.411184872410528 0.3691135987929396 5e-09
131.10416666666669 -15.9375 14970 4028 96086 10 0 0.2973282637754346 4.411184872410528 0.3691135987929396 5e-09
131.10416666666669 -15.9375 14970 4028 96086 10 0 0.2973282637754346 4.411184872410528 0.3691135987929396 5e-09
131.10416666666669 -15.9375 14970 4028 96086 10 0 0.2973282637754346 4.411184872410528 0.3691135987929396 5e-09
131.10416666666669 -15.9375 14970 4028 96086 10 0 0.2973282637754346 4.411184872410528 0.3691135987929396 5e-09
131.10416666666669 -15.9375 14970 4028 96086 10 0 0.2973282637754346 4.411184872410528 0.3691135987929396 5e-09
131.10416666666669 -15.9375 14970 4028 96086 10 0 0.2973282637754346 4.411184872410528 0.3691135987929396 5e-09
131.10416666666669 -15.9375 14970 4028 96086 10 0 0.2973282637754346 4.411184872410528 0.3691135987929396 5e-09
131.10416666666669 -15.9375 14970 4028 96086 10 0 0.2973282637754346 4.411184872410528 0.3691135987929396 5e-09
131.3125 -12.6875 66247 4094 25285 10 0 0.3841003849814294 4.046800125095718 0.4548751169077969 5e-09
131.3125 -12.6875 66247 4094 25285 10 0 0.3841003849814294 4.046800125095718 0.4548751169077969 5e-09
131.3125 -12.6875 66247 4094 25285 10 0 0.3841003849814294 4.046800125095718 0.4548751169077969 5e-09
131.3125 -12.6875 66247 4094 25285 10 0 0.3841003849814294 4.046800125095718 0.4548751169077969 5e-09
131.3125 -12.6875 66247 4094 25285 10 0 0.3841003849814294 4.046800125095718 0.4548751169077969 5e-09
131.3125 -12.6875 66247 4094 25285 10 0 0.3841003849814294 4.046800125095718 0.4548751169077969 5e-09
131.3125 -12.6875 66247 4094 25285 10 0 0.3841003849814294 4.046800125095718 0.4548751169077969 5e-09
131.3125 -12.6875 66247 4094 25285 10 0 0.3841003849814294 4.046800125095718 0.4548751169077969 5e-09
131.3125 -12.6875 66247 4094 25285 10 0 0.3841003849814294 4.046800125095718 0.4548751169077969 5e-09
131.3125 -12.6875 66247 4094 25285 10 0 0.3841003849814294 4.046800125095718 0.4548751169077969 5e-09
130.0625 -13.895833333333334 34109 3147 5038 10 0 0.02469648037959599 2.1320198414406484 0.08603947428987396 5e-09
130.0625 -13.895833333333334 34109 3147 5038 10 0 0.02469648037959599 2.1320198414406484 0.08603947428987396 5e-09
130.0625 -13.895833333333334 34109 3147 5038 10 0 0.02469648037959599 2.1320198414406484 0.08603947428987396 5e-09
130.0625 -13.895833333333334 34109 3147 5038 10 0 0.02469648037959599 2.1320198414406484 0.08603947428987396 5e-09
130.0625 -13.895833333333334 34109 3147 5038 10 0 0.02469648037959599 2.1320198414406484 0.08603947428987396 5e-09
130.0625 -13.895833333333334 34109 3147 5038 10 0 0.02469648037959599 2.1320198414406484 0.08603947428987396 5e-09
130.0625 -13.895833333333334 34109 3147 5038 10 0 0.02469648037959599 2.1320198414406484 0.08603947428987396 5e-09
130.0625 -13.895833333333334 34109 3147 5038 10 0 0.02469648037959599 2.1320198414406484 0.08603947428987396 5e-09
130.0625 -13.895833333333334 34109 3147 5038 10 0 0.02469648037959599 2.1320198414406484 0.08603947428987396 5e-09
130.0625 -13.895833333333334 34109 3147 5038 10 0 0.02469648037959599 2.1320198414406484 0.08603947428987396 5e-09
131.27083333333334 -13.6875 31385 4181 20313 10 0 0.31309781454662977 3.7426563222321767 0.22496907691944967 5e-09
131.27083333333334 -13.6875 31385 4181 20313 10 0 0.31309781454662977 3.7426563222321767 0.22496907691944967 5e-09
131.27083333333334 -13.6875 31385 4181 20313 10 0 0.31309781454662977 3.7426563222321767 0.22496907691944967 5e-09
131.27083333333334 -13.6875 31385 4181 20313 10 0 0.31309781454662977 3.7426563222321767 0.22496907691944967 5e-09
131.27083333333334 -13.6875 31385 4181 20313 10 0 0.31309781454662977 3.7426563222321767 0.22496907691944967 5e-09
131.27083333333334 -13.6875 31385 4181 20313 10 0 0.31309781454662977 3.7426563222321767 0.22496907691944967 5e-09
131.27083333333334 -13.6875 31385 4181 20313 10 0 0.31309781454662977 3.7426563222321767 0.22496907691944967 5e-09
131.27083333333334 -13.6875 31385 4181 20313 10 0 0.31309781454662977 3.7426563222321767 0.22496907691944967 5e-09
131.27083333333334 -13.6875 31385 4181 20313 10 0 0.31309781454662977 3.7426563222321767 0.22496907691944967 5e-09
131.27083333333334 -13.6875 31385 4181 20313 10 0 0.31309781454662977 3.7426563222321767 0.22496907691944967 5e-09
131.22916666666669 -14.8125 63911 3389 92999 10 0 0.2148659133649743 3.120194331050144 0.0013753617243525973 5e-09
131.22916666666669 -14.8125 63911 3389 92999 10 0 0.2148659133649743 3.120194331050144 0.0013753617243525973 5e-09
131.22916666666669 -14.8125 63911 3389 92999 10 0 0.2148659133649743 3.120194331050144 0.0013753617243525973 5e-09
131.22916666666669 -14.8125 63911 3389 92999 10 0 0.2148659133649743 3.120194331050144 0.0013753617243525973 5e-09
131.22916666666669 -14.8125 63911 3389 92999 10 0 0.2148659133649743 3.120194331050144 0.0013753617243525973 5e-09
131.22916666666669 -14.8125 63911 3389 92999 10 0 0.2148659133649743 3.120194331050144 0.0013753617243525973 5e-09
131.22916666666669 -14.8125 63911 3389 92999 10 0 0.2148659133649743 3.120194331050144 0.0013753617243525973 5e-09
131.22916666666669 -14.8125 63911 3389 92999 10 0 0.2148659133649743 3.120194331050144 0.0013753617243525973 5e-09
131.22916666666669 -14.8125 63911 3389 92999 10 0 0.2148659133649743 3.120194331050144 0.0013753617243525973 5e-09
131.22916666666669 -14.8125 63911 3389 92999 10 0 0.2148659133649743 3.120194331050144 0.0013753617243525973 5e-09
130.5625 -15.104166666666666 89063 4140 55413 10 0 0.08027409490473851 1.7976280584414335 0.4782809738502723 5e-09
130.5625 -15.104166666666666 89063 4140 55413 10 0 0.08027409490473851 1.7976280584414335 0.4782809738502723 5e-09
130.5625 -15.104166666666666 89063 4140 55413 10 0 0.08027409490473851 1.7976280584414335 0.4782809738502723 5e-09
130.5625 -15.104166666666666 89063 4140 55413 10 0 0.08027409490473851 1.7976280584414335 0.4782809738502723 5e-09
130.5625 -15.104166666666666 89063 4140 55413 10 0 0.08027409490473851 1.7976280584414335 0.4782809738502723 5e-09
130.5625 -15.104166666666666 89063 4140 55413 10 0 0.08027409490473851 1.7976280584414335 0.4782809738502723 5e-09
130.5625 -15.104166666666666 89063 4140 55413 10 0 0.08027409490473851 1.7976280584414335 0.4782809738502723 5e-09
130.5625 -15.104166666666666 89063 4140 55413 10 0 0.08027409490473851 1.7976280584414335 0.4782809738502723 5e-09
130.5625 -15.104166666666666 89063 4140 55413 10 0 0.08027409490473851 1.7976280584414335 0.4782809738502723 5e-09
130.5625 -15.104166666666666 89063 4140 55413 10 0 0.08027409490473851 1.7976280584414335 0.4782809738502723 5e-09
133.35416666666669 -12.395833333333334 96666 3289 32148 10 0 0.0790252580301315 2.0369090448998253 0.4666166067167036 5e-09
133.35416666666669 -12.395833333333334 96666 3289 32148 10 0 0.0790252580301315 2.0369090448998253 0.4666166067167036 5e-09
133.35416666666669 -12.395833333333334 96666 3289 32148 10 0 0.0790252580301315 2.0369090448998253 0.4666166067167036 5e-09
133.35416666666669 -12.395833333333334 96666 3289 32148 10 0 0.0790252580301315 2.0369090448998253 0.4666166067167036 5e-09
133.35416666666669 -12.395833333333334 96666 3289 32148 10 0 0.0790252580301315 2.0369090448998253 0.4666166067167036 5e-09
133.35416666666669 -12.395833333333334 96666 3289 32148 10 0 0.0790252580301315 2.0369090448998253 0.4666166067167036 5e-09
133.35416666666669 -12.395833333333334 96666 3289 32148 10 0 0.0790252580301315 2.0369090448998253 0.4666166067167036 5e-09
133.35416666666669 -12.395833333333334 96666 3289 32148 10 0 0.0790252580301315 2.0369090448998253 0.4666166067167036 5e-09
133.35416666666669 -12.395833333333334 96666 3289 32148 10 0 0.0790252580301315 2.0369090448998253 0.4666166067167036 5e-09
133.35416666666669 -12.395833333333334 96666 3289 32148 10 0 0.0790252580301315 2.0369090448998253 0.4666166067167036 5e-09
132.3125 -12.770833333333334 38440 3791 65536 10 0 0.47667317746631493 4.9715079751940365 0.12638734008358737 5e-09
132.3125 -12.770833333333334 38440 3791 65536 10 0 0.47667317746631493 4.9715079751940365 0.12638734008358737 5e-09
132.3125 -12.770833333333334 38440 3791 65536 10 0 0.47667317746631493 4.9715079751940365 0.12638734008358737 5e-09
132.3125 -12.770833333333334 38440 3791 65536 10 0 0.47667317746631493 4.9715079751940365 0.12638734008358737 5e-09
132.3125 -12.770833333333334 38440 3791 65536 10 0 0.47667317746631493 4.9715079751940365 0.12638734008358737 5e-09
132.3125 -12.770833333333334 38440 3791 65536 10 0 0.47667317746631493 4.9715079751940365 0.12638734008358737 5e-09
132.3125 -12.770833333333334 38440 3791 65536 10 0 0.47667317746631493 4.9715079751940365 0.12638734008358737 5e-09
132.3125 -12.770833333333334 38440 3791 65536 10 0 0.47667317746631493 4.9715079751940365 0.12638734008358737 5e-09
132.3125 -12.770833333333334 38440 3791 65536 10 0 0.47667317746631493 4.9715079751940365 0.12638734008358737 5e-09
132.3125 -12.770833333333334 38440 3791 65536 10 0 0.47667317746631493 4.9715079751940365 0.12638734008358737 5e-09
134.1875 -16.062499999999996 39971 4160 1038 10 0 0.05517347332553776 3.1955872714151394 0.2188841996172381 5e-09
134.1875 -16.062499999999996 39971 4160 1038 10 0 0.05517347332553776 3.1955872714151394 0.2188841996172381 5e-09
134.1875 -16.062499999999996 39971 4160 1038 10 0 0.05517347332553776 3.1955872714151394 0.2188841996172381 5e-09
134.1875 -16.062499999999996 39971 4160 1038 10 0 0.05517347332553776 3.1955872714151394 0.2188841996172381 5e-09
134.1875 -16.062499999999996 39971 4160 1038 10 0 0.05517347332553776 3.1955872714151394 0.2188841996172381 5e-09
134.1875 -16.062499999999996 39971 4160 1038 10 0 0.05517347332553776 3.1955872714151394 0.2188841996172381 5e-09
134.1875 -16.062499999999996 39971 4160 1038 10 0 0.05517347332553776 3.1955872714151394 0.2188841996172381 5e-09
134.1875 -16.062499999999996 39971 4160 1038 10 0 0.05517347332553776 3.1955872714151394 0.2188841996172381 5e-09
134.1875 -16.062499999999996 39971 4160 1038 10 0 0.05517347332553776 3.1955872714151394 0.2188841996172381 5e-09
134.1875 -16.062499999999996 39971 4160 1038 10 0 0.05517347332553776 3.1955872714151394 0.2188841996172381 5e-09
136.8125 -12.4375 18818 3166 52414 10 0 0.024305132965111664 4.06992607943824 0.29479105245371606 5e-09
136.8125 -12.4375 18818 3166 52414 10 0 0.024305132965111664 4.06992607943824 0.29479105245371606 5e-09
136.8125 -12.4375 18818 3166 52414 10 0 0.024305132965111664 4.06992607943824 0.29479105245371606 5e-09
136.8125 -12.4375 18818 3166 52414 10 0 0.024305132965111664 4.06992607943824 0.29479105245371606 5e-09
136.8125 -12.4375 18818 3166 52414 10 0 0.024305132965111664 4.06992607943824 0.29479105245371606 5e-09
136.8125 -12.4375 18818 3166 52414 10 0 0.024305132965111664 4.06992607943824 0.29479105245371606 5e-09
136.8125 -12.4375 18818 3166 52414 10 0 0.024305132965111664 4.06992607943824 0.29479105245371606 5e-09
136.8125 -12.4375 18818 3166 52414 10 0 0.024305132965111664 4.06992607943824 0.29479105245371606 5e-09
136.8125 -12.4375 18818 3166 52414 10 0 0.024305132965111664 4.06992607943824 0.29479105245371606 5e-09
136.8125 -12.4375 18818 3166 52414 10 0 0.024305132965111664 4.06992607943824 0.29479105245371606 5e-09
131.35416666666669 -14.770833333333334 83194 3374 27612 10 0 0.237504419995824 4.9870490884072955 0.2231543031027935 5e-09
131.35416666666669 -14.770833333333334 83194 3374 27612 10 0 0.237504419995824 4.9870490884072955 0.2231543031027935 5e-09
131.35416666666669 -14.770833333333334 83194 3374 27612 10 0 0.237504419995824 4.9870490884072955 0.2231543031027935 5e-09
131.35416666666669 -14.770833333333334 83194 3374 27612 10 0 0.237504419995824 4.9870490884072955 0.2231543031027935 5e-09
131.35416666666669 -14.770833333333334 83194 3374 27612 10 0 0.237504419995824 4.9870490884072955 0.2231543031027935 5e-09
131.35416666666669 -14.770833333333334 83194 3374 27612 10 0 0.237504419995824 4.9870490884072955 0.2231543031027935 5e-09
131.35416666666669 -14.770833333333334 83194 3374 27612 10 0 0.237504419995824 4.9870490884072955 0.2231543031027935 5e-09
131.35416666666669 -14.770833333333334 83194 3374 27612 10 0 0.237504419995824 4.9870490884072955 0.2231543031027935 5e-09
131.35416666666669 -14.770833333333334 83194 3374 27612 10 0 0.237504419995824 4.9870490884072955 0.2231543031027935 5e-09
131.35416666666669 -14.770833333333334 83194 3374 27612 10 0 0.237504419995824 4.9870490884072955 0.2231543031027935 5e-09
135.8125 -13.104166666666666 78353 3436 93138 10 0 0.14966971765497267 3.913681697520788 0.32385124472929194 5e-09
135.8125 -13.104166666666666 78353 3436 93138 10 0 0.14966971765497267 3.913681697520788 0.32385124472929194 5e-09
135.8125 -13.104166666666666 78353 3436 93138 10 0 0.14966971765497267 3.913681697520788 0.32385124472929194 5e-09
135.8125 -13.104166666666666 78353 3436 93138 10 0 0.14966971765497267 3.913681697520788 0.32385124472929194 5e-09
135.8125 -13.104166666666666 78353 3436 93138 10 0 0.14966971765497267 3.913681697520788 0.32385124472929194 5e-09
135.8125 -13.104166666666666 78353 3436 93138 10 0 0.14966971765497267 3.913681697520788 0.32385124472929194 5e-09
135.8125 -13.104166666666666 78353 3436 93138 10 0 0.14966971765497267 3.913681697520788 0.32385124472929194 5e-09
135.8125 -13.104166666666666 78353 3436 93138 10 0 0.14966971765497267 3.913681697520788 0.32385124472929194 5e-09
135.8125 -13.104166666666666 78353 3436 93138 10 0 0.14966971765497267 3.913681697520788 0.32385124472929194 5e-09
135.8125 -13.104166666666666 78353 3436 93138 10 0 0.14966971765497267 3.913681697520788 0.32385124472929194 5e-09
134.14583333333334 -14.479166666666666 51008 3024 15567 10 0 0.45631936578302507 1.8257319514291845 0.014929368754608985 5e-09
134.14583333333334 -14.479166666666666 51008 3024 15567 10 0 0.45631936578302507 1.8257319514291845 0.014929368754608985 5e-09
134.14583333333334 -14.479166666666666 51008 3024 15567 10 0 0.45631936578302507 1.8257319514291845 0.014929368754608985 5e-09
134.14583333333334 -14.479166666666666 51008 3024 15567 10 0 0.45631936578302507 1.8257319514291845 0.014929368754608985 5e-09
134.14583333333334 -14.479166666666666 51008 3024 15567 10 0 0.45631936578302507 1.8257319514291845 0.014929368754608985 5e-09
134.14583333333334 -14.479166666666666 51008 3024 15567 10 0 0.45631936578302507 1.8257319514291845 0.014929368754608985 5e-09
134.14583333333334 -14.479166666666666 51008 3024 15567 10 0 0.45631936578302507 1.8257319514291845 0.014929368754608985 5e-09
134.14583333333334 -14.479166666666666 51008 3024 15567 10 0 0.45631936578302507 1.8257319514291845 0.014929368754608985 5e-09
134.14583333333334 -14.479166666666666 51008 3024 15567 10 0 0.45631936578302507 1.8257319514291845 0.014929368754608985 5e-09
134.14583333333334 -14.479166666666666 51008 3024 15567 10 0 0.45631936578302507 1.8257319514291845 0.014929368754608985 5e-09
133.14583333333334 -14.270833333333334 95642 3480 8088 10 0 0.36654423850015777 2.7459101668764565 0.012201484116995454 5e-09
133.14583333333334 -14.270833333333334 95642 3480 8088 10 0 0.36654423850015777 2.7459101668764565 0.012201484116995454 5e-09
133.14583333333334 -14.270833333333334 95642 3480 8088 10 0 0.36654423850015777 2.7459101668764565 0.012201484116995454 5e-09
133.14583333333334 -14.270833333333334 95642 3480 8088 10 0 0.36654423850015777 2.7459101668764565 0.012201484116995454 5e-09
133.14583333333334 -14.270833333333334 95642 3480 8088 10 0 0.36654423850015777 2.7459101668764565 0.012201484116995454 5e-09
133.14583333333334 -14.270833333333334 95642 3480 8088 10 0 0.36654423850015777 2.7459101668764565 0.012201484116995454 5e-09
133.14583333333334 -14.270833333333334 95642 3480 8088 10 0 0.36654423850015777 2.7459101668764565 0.012201484116995454 5e-09
133.14583333333334 -14.270833333333334 95642 3480 8088 10 0 0.36654423850015777 2.7459101668764565 0.012201484116995454 5e-09
133.14583333333334 -14.270833333333334 95642 3480 8088 10 0 0.36654423850015777 2.7459101668764565 0.012201484116995454 5e-09
133.14583333333334 -14.270833333333334 95642 3480 8088 10 0 0.36654423850015777 2.7459101668764565 0.012201484116995454 5e-09
131.52083333333334 -12.979166666666666 13260 4607 74621 10 0 0.1468531498498081 4.364344736446903 0.04166356903547286 5e-09
131.52083333333334 -12.979166666666666 13260 4607 74621 10 0 0.1468531498498081 4.364344736446903 0.04166356903547286 5e-09
131.52083333333334 -12.979166666666666 13260 4607 74621 10 0 0.1468531498498081 4.364344736446903 0.04166356903547286 5e-09
131.52083333333334 -12.979166666666666 13260 4607 74621 10 0 0.1468531498498081 4.364344736446903 0.04166356903547286 5e-09
131.52083333333334 -12.979166666666666 13260 4607 74621 10 0 0.1468531498498081 4.364344736446903 0.04166356903547286 5e-09
131.52083333333334 -12.979166666666666 13260 4607 74621 10 0 0.1468531498498081 4.364344736446903 0.04166356903547286 5e-09
131.52083333333334 -12.979166666666666 13260 4607 74621 10 0 0.1468531498498081 4.364344736446903 0.04166356903547286 5e-09
131.52083333333334 -12.979166666666666 13260 4607 74621 10 0 0.1468531498498081 4.364344736446903 0.04166356903547286 5e-09
131.52083333333334 -12.979166666666666 13260 4607 74621 10 0 0.1468531498498081 4.364344736446903 0.04166356903547286 5e-09
131.52083333333334 -12.979166666666666 13260 4607 74621 10 0 0.1468531498498081 4.364344736446903 0.04166356903547286 5e-09
131.5625 -13.354166666666666 5257 3786 38287 10 0 0.027902772230990712 3.1466974381141366 0.49374178019317416 5e-09
131.5625 -13.354166666666666 5257 3786 38287 10 0 0.027902772230990712 3.1466974381141366 0.49374178019317416 5e-09
131.5625 -13.354166666666666 5257 3786 38287 10 0 0.027902772230990712 3.1466974381141366 0.49374178019317416 5e-09
131.5625 -13.354166666666666 5257 3786 38287 10 0 0.027902772230990712 3.1466974381141366 0.49374178019317416 5e-09
131.5625 -13.354166666666666 5257 3786 38287 10 0 0.027902772230990712 3.1466974381141366 0.49374178019317416 5e-09
131.5625 -13.354166666666666 5257 3786 38287 10 0 0.027902772230990712 3.1466974381141366 0.49374178019317416 5e-09
131.5625 -13.354166666666666 5257 3786 38287 10 0 0.027902772230990712 3.1466974381141366 0.49374178019317416 5e-09
131.5625 -13.354166666666666 5257 3786 38287 10 0 0.027902772230990712 3.1466974381141366 0.49374178019317416 5e-09
131.5625 -13.354166666666666 5257 3786 38287 10 0 0.027902772230990712 3.1466974381141366 0.49374178019317416 5e-09
131.5625 -13.354166666666666 5257 3786 38287 10 0 0.027902772230990712 3.1466974381141366 0.49374178019317416 5e-09
131.39583333333334 -15.104166666666666 6403 4047 75672 10 0 0.23330984490933607 2.352021365187365 0.4913000666202441 5e-09
131.39583333333334 -15.104166666666666 6403 4047 75672 10 0 0.23330984490933607 2.352021365187365 0.4913000666202441 5e-09
131.39583333333334 -15.104166666666666 6403 4047 75672 10 0 0.23330984490933607 2.352021365187365 0.4913000666202441 5e-09
131.39583333333334 -15.104166666666666 6403 4047 75672 10 0 0.23330984490933607 2.352021365187365 0.4913000666202441 5e-09
131.39583333333334 -15.104166666666666 6403 4047 75672 10 0 0.23330984490933607 2.352021365187365 0.4913000666202441 5e-09
131.39583333333334 -15.104166666666666 6403 4047 75672 10 0 0.23330984490933607 2.352021365187365 0.4913000666202441 5e-09
131.39583333333334 -15.104166666666666 6403 4047 75672 10 0 0.23330984490933607 2.352021365187365 0.4913000666202441 5e-09
131.39583333333334 -15.104166666666666 6403 4047 75672 10 0 0.23330984490933607 2.352021365187365 0.4913000666202441 5e-09
131.39583333333334 -15.104166666666666 6403 4047 75672 10 0 0.23330984490933607 2.352021365187365 0.4913000666202441 5e-09
131.39583333333334 -15.104166666666666 6403 4047 75672 10 0 0.23330984490933607 2.352021365187365 0.4913000666202441 5e-09
135.8125 -13.5625 1828 4387 66249 10 0 0.21625526722367852 1.9090927970689031 0.3658306939740489 5e-09
135.8125 -13.5625 1828 4387 66249 10 0 0.21625526722367852 1.9090927970689031 0.3658306939740489 5e-09
135.8125 -13.5625 1828 4387 66249 10 0 0.21625526722367852 1.9090927970689031 0.3658306939740489 5e-09
135.8125 -13.5625 1828 4387 66249 10 0 0.21625526722367852 1.9090927970689031 0.3658306939740489 5e-09
135.8125 -13.5625 1828 4387 66249 10 0 0.21625526722367852 1.9090927970689031 0.3658306939740489 5e-09
135.8125 -13.5625 1828 4387 66249 10 0 0.21625526722367852 1.9090927970689031 0.3658306939740489 5e-09
135.8125 -13.5625 1828 4387 66249 10 0 0.21625526722367852 1.9090927970689031 0.3658306939740489 5e-09
135.8125 -13.5625 1828 4387 66249 10 0 0.21625526722367852 1.9090927970689031 0.3658306939740489 5e-09
135.8125 -13.5625 1828 4387 66249 10 0 0.21625526722367852 1.9090927970689031 0.3658306939740489 5e-09
135.8125 -13.5625 1828 4387 66249 10 0 0.21625526722367852 1.9090927970689031 0.3658306939740489 5e-09
129.60416666666669 -15.979166666666666 66980 3283 24596 10 0 0.18854841040204182 3.090903532980381 0.36966929114081337 5e-09
129.60416666666669 -15.979166666666666 66980 3283 24596 10 0 0.18854841040204182 3.090903532980381 0.36966929114081337 5e-09
129.60416666666669 -15.979166666666666 66980 3283 24596 10 0 0.18854841040204182 3.090903532980381 0.36966929114081337 5e-09
129.60416666666669 -15.979166666666666 66980 3283 24596 10 0 0.18854841040204182 3.090903532980381 0.36966929114081337 5e-09
129.60416666666669 -15.979166666666666 66980 3283 24596 10 0 0.18854841040204182 3.090903532980381 0.36966929114081337 5e-09
129.60416666666669 -15.979166666666666 66980 3283 24596 10 0 0.18854841040204182 3.090903532980381 0.36966929114081337 5e-09
129.60416666666669 -15.979166666666666 66980 3283 24596 10 0 0.18854841040204182 3.090903532980381 0.36966929114081337 5e-09
129.60416666666669 -15.979166666666666 66980 3283 24596 10 0 0.18854841040204182 3.090903532980381 0.36966929114081337 5e-09
129.60416666666669 -15.979166666666666 66980 3283 24596 10 0 0.18854841040204182 3.090903532980381 0.36966929114081337 5e-09
129.60416666666669 -15.979166666666666 66980 3283 24596 10 0 0.18854841040204182 3.090903532980381 0.36966929114081337 5e-09
135.64583333333334 -12.979166666666666 65578 3826 90324 10 0 0.13697627941861318 3.3233790284842786 0.1309542932039397 5e-09
135.64583333333334 -12.979166666666666 65578 3826 90324 10 0 0.13697627941861318 3.3233790284842786 0.1309542932039397 5e-09
135.64583333333334 -12.979166666666666 65578 3826 90324 10 0 0.13697627941861318 3.3233790284842786 0.1309542932039397 5e-09
135.64583333333334 -12.979166666666666 65578 3826 90324 10 0 0.13697627941861318 3.3233790284842786 0.1309542932039397 5e-09
135.64583333333334 -12.979166666666666 65578 3826 90324 10 0 0.13697627941861318 3.3233790284842786 0.1309542932039397 5e-09
135.64583333333334 -12.979166666666666 65578 3826 90324 10 0 0.13697627941861318 3.3233790284842786 0.1309542932039397 5e-09
135.64583333333334 -12.979166666666666 65578 3826 90324 10 0 0.13697627941861318 3.3233790284842786 0.1309542932039397 5e-09
135.64583333333334 -12.979166666666666 65578 3826 90324 10 0 0.13697627941861318 3.3233790284842786 0.1309542932039397 5e-09
135.64583333333334 -12.979166666666666 65578 3826 90324 10 0 0.13697627941861318 3.3233790284842786 0.1309542932039397 5e-09
135.64583333333334 -12.979166666666666 65578 3826 90324 10 0 0.13697627941861318 3.3233790284842786 0.1309542932039397 5e-09
131.1875 -13.9375 41851 4444 75067 10 0 0.17797549790046624 3.878091370282835 0.1254364014499934 5e-09
131.1875 -13.9375 41851 4444 75067 10 0 0.17797549790046624 3.878091370282835 0.1254364014499934 5e-09
131.1875 -13.9375 41851 4444 75067 10 0 0.17797549790046624 3.878091370282835 0.1254364014499934 5e-09
131.1875 -13.9375 41851 4444 75067 10 0 0.17797549790046624 3.878091370282835 0.1254364014499934 5e-09
131.1875 -13.9375 41851 4444 75067 10 0 0.17797549790046624 3.878091370282835 0.1254364014499934 5e-09
131.1875 -13.9375 41851 4444 75067 10 0 0.17797549790046624 3.878091370282835 0.1254364014499934 5e-09
131.1875 -13.9375 41851 4444 75067 10 0 0.17797549790046624 3.878091370282835 0.1254364014499934 5e-09
131.1875 -13.9375 41851 4444 75067 10 0 0.17797549790046624 3.878091370282835 0.1254364014499934 5e-09
131.1875 -13.9375 41851 4444 75067 10 0 0.17797549790046624 3.878091370282835 0.1254364014499934 5e-09
131.1875 -13.9375 41851 4444 75067 10 0 0.17797549790046624 3.878091370282835 0.1254364014499934 5e-09
134.0625 -16.020833333333332 59618 3331 26523 10 0 0.34269326424124125 3.2778848664120415 0.1843900635805935 5e-09
134.0625 -16.020833333333332 59618 3331 26523 10 0 0.34269326424124125 3.2778848664120415 0.1843900635805935 5e-09
134.0625 -16.020833333333332 59618 3331 26523 10 0 0.34269326424124125 3.2778848664120415 0.1843900635805935 5e-09
134.0625 -16.020833333333332 59618 3331 26523 10 0 0.34269326424124125 3.2778848664120415 0.1843900635805935 5e-09
134.0625 -16.020833333333332 59618 3331 26523 10 0 0.34269326424124125 3.2778848664120415 0.1843900635805935 5e-09
134.0625 -16.020833333333332 59618 3331 26523 10 0 0.34269326424124125 3.2778848664120415 0.1843900635805935 5e-09
134.0625 -16.020833333333332 59618 3331 26523 10 0 0.34269326424124125 3.2778848664120415 0.1843900635805935 5e-09
134.0625 -16.020833333333332 59618 3331 26523 10 0 0.34269326424124125 3.2778848664120415 0.1843900635805935 5e-09
134.0625 -16.020833333333332 59618 3331 26523 10 0 0.34269326424124125 3.2778848664120415 0.1843900635805935 5e-09
134.0625 -16.020833333333332 59618 3331 26523 10 0 0.34269326424124125 3.2778848664120415 0.1843900635805935 5e-09
135.5625 -15.0625 43749 3191 24903 10 0 0.05152678346317248 1.099799997545806 0.46712160436355576 5e-09
135.5625 -15.0625 43749 3191 24903 10 0 0.05152678346317248 1.099799997545806 0.46712160436355576 5e-09
135.5625 -15.0625 43749 3191 24903 10 0 0.05152678346317248 1.099799997545806 0.46712160436355576 5e-09
135.5625 -15.0625 43749 3191 24903 10 0 0.05152678346317248 1.099799997545806 0.46712160436355576 5e-09
135.5625 -15.0625 43749 3191 24903 10 0 0.05152678346317248 1.099799997545806 0.46712160436355576 5e-09
135.5625 -15.0625 43749 3191 24903 10 0 0.05152678346317248 1.099799997545806 0.46712160436355576 5e-09
135.5625 -15.0625 43749 3191 24903 10 0 0.05152678346317248 1.099799997545806 0.46712160436355576 5e-09
135.5625 -15.0625 43749 3191 24903 10 0 0.05152678346317248 1.099799997545806 0.46712160436355576 5e-09
135.5625 -15.0625 43749 3191 24903 10 0 0.05152678346317248 1.099799997545806 0.46712160436355576 5e-09
135.5625 -15.0625 43749 3191 24903 10 0 0.05152678346317248 1.099799997545806 0.46712160436355576 5e-09
130.4375 -15.145833333333334 80837 3609 78895 10 0 0.22101114799094604 4.734323320014621 0.4436280703606312 5e-09
130.4375 -15.145833333333334 80837 3609 78895 10 0 0.22101114799094604 4.734323320014621 0.4436280703606312 5e-09
130.4375 -15.145833333333334 80837 3609 78895 10 0 0.22101114799094604 4.734323320014621 0.4436280703606312 5e-09
130.4375 -15.145833333333334 80837 3609 78895 10 0 0.22101114799094604 4.734323320014621 0.4436280703606312 5e-09
130.4375 -15.145833333333334 80837 3609 78895 10 0 0.22101114799094604 4.734323320014621 0.4436280703606312 5e-09
130.4375 -15.145833333333334 80837 3609 78895 10 0 0.22101114799094604 4.734323320014621 0.4436280703606312 5e-09
130.4375 -15.145833333333334 80837 3609 78895 10 0 0.22101114799094604 4.734323320014621 0.4436280703606312 5e-09
130.4375 -15.145833333333334 80837 3609 78895 10 0 0.22101114799094604 4.734323320014621 0.4436280703606312 5e-09
130.4375 -15.145833333333334 80837 3609 78895 10 0 0.22101114799094604 4.734323320014621 0.4436280703606312 5e-09
130.4375 -15.145833333333334 80837 3609 78895 10 0 0.22101114799094604 4.734323320014621 0.4436280703606312 5e-09
133.14583333333334 -13.770833333333334 96982 3779 81652 10 0 0.47964393838275715 4.127116408967671 0.2553958644021253 5e-09
133.14583333333334 -13.770833333333334 96982 3779 81652 10 0 0.47964393838275715 4.127116408967671 0.2553958644021253 5e-09
133.14583333333334 -13.770833333333334 96982 3779 81652 10 0 0.47964393838275715 4.127116408967671 0.2553958644021253 5e-09
133.14583333333334 -13.770833333333334 96982 3779 81652 10 0 0.47964393838275715 4.127116408967671 0.2553958644021253 5e-09
133.14583333333334 -13.770833333333334 96982 3779 81652 10 0 0.47964393838275715 4.127116408967671 0.2553958644021253 5e-09
133.14583333333334 -13.770833333333334 96982 3779 81652 10 0 0.47964393838275715 4.127116408967671 0.2553958644021253 5e-09
133.14583333333334 -13.770833333333334 96982 3779 81652 10 0 0.47964393838275715 4.127116408967671 0.2553958644021253 5e-09
133.14583333333334 -13.770833333333334 96982 3779 81652 10 0 0.47964393838275715 4.127116408967671 0.2553958644021253 5e-09
133.14583333333334 -13.770833333333334 96982 3779 81652 10 0 0.47964393838275715 4.127116408967671 0.2553958644021253 5e-09
133.14583333333334 -13.770833333333334 96982 3779 81652 10 0 0.47964393838275715 4.127116408967671 0.2553958644021253 5e-09
128.89583333333334 -16.312499999999996 831 4159 3220 10 0 0.21023606380562923 2.667527459371517 0.2655834330635374 5e-09
128.89583333333334 -16.312499999999996 831 4159 3220 10 0 0.21023606380562923 2.667527459371517 0.2655834330635374 5e-09
128.89583333333334 -16.312499999999996 831 4159 3220 10 0 0.21023606380562923 2.667527459371517 0.2655834330635374 5e-09
128.89583333333334 -16.312499999999996 831 4159 3220 10 0 0.21023606380562923 2.667527459371517 0.2655834330635374 5e-09
128.89583333333334 -16.312499999999996 831 4159 3220 10 0 0.21023606380562923 2.667527459371517 0.2655834330635374 5e-09
128.89583333333334 -16.312499999999996 831 4159 3220 10 0 0.21023606380562923 2.667527459371517 0.2655834330635374 5e-09
128.89583333333334 -16.312499999999996 831 4159 3220 10 0 0.21023606380562923 2.667527459371517 0.2655834330635374 5e-09
128.89583333333334 -16.312499999999996 831 4159 3220 10 0 0.21023606380562923 2.667527459371517 0.2655834330635374 5e-09
128.89583333333334 -16.312499999999996 831 4159 3220 10 0 0.21023606380562923 2.667527459371517 0.2655834330635374 5e-09
128.89583333333334 -16.312499999999996 831 4159 3220 10 0 0.21023606380562923 2.667527459371517 0.2655834330635374 5e-09
132.77083333333334 -14.145833333333334 62177 3323 26109 10 0 0.08540776221005014 3.02113125449779 0.02049282253651069 5e-09
132.77083333333334 -14.145833333333334 62177 3323 26109 10 0 0.08540776221005014 3.02113125449779 0.02049282253651069 5e-09
132.77083333333334 -14.145833333333334 62177 3323 26109 10 0 0.08540776221005014 3.02113125449779 0.02049282253651069 5e-09
132.77083333333334 -14.145833333333334 62177 3323 26109 10 0 0.08540776221005014 3.02113125449779 0.02049282253651069 5e-09
132.77083333333334 -14.145833333333334 62177 3323 26109 10 0 0.08540776221005014 3.02113125449779 0.02049282253651069 5e-09
132.77083333333334 -14.145833333333334 62177 3323 26109 10 0 0.08540776221005014 3.02113125449779 0.02049282253651069 5e-09
132.77083333333334 -14.145833333333334 62177 3323 26109 10 0 0.08540776221005014 3.02113125449779 0.02049282253651069 5e-09
132.77083333333334 -14.145833333333334 62177 3323 26109 10 0 0.08540776221005014 3.02113125449779 0.02049282253651069 5e-09
132.77083333333334 -14.145833333333334 62177 3323 26109 10 0 0.08540776221005014 3.02113125449779 0.02049282253651069 5e-09
132.77083333333334 -14.145833333333334 62177 3323 26109 10 0 0.08540776221005014 3.02113125449779 0.02049282253651069 5e-09
135.10416666666669 -16.062499999999996 83466 4244 2433 10 0 0.409577709296413 4.299225640745631 0.4853325081212504 5e-09
135.10416666666669 -16.062499999999996 83466 4244 2433 10 0 0.409577709296413 4.299225640745631 0.4853325081212504 5e-09
135.10416666666669 -16.062499999999996 83466 4244 2433 10 0 0.409577709296413 4.299225640745631 0.4853325081212504 5e-09
135.10416666666669 -16.062499999999996 83466 4244 2433 10 0 0.409577709296413 4.299225640745631 0.4853325081212504 5e-09
135.10416666666669 -16.062499999999996 83466 4244 2433 10 0 0.409577709296413 4.299225640745631 0.4853325081212504 5e-09
135.10416666666669 -16.062499999999996 83466 4244 2433 10 0 0.409577709296413 4.299225640745631 0.4853325081212504 5e-09
135.10416666666669 -16.062499999999996 83466 4244 2433 10 0 0.409577709296413 4.299225640745631 0.4853325081212504 5e-09
135.10416666666669 -16.062499999999996 83466 4244 2433 10 0 0.409577709296413 4.299225640745631 0.4853325081212504 5e-09
135.10416666666669 -16.062499999999996 83466 4244 2433 10 0 0.409577709296413 4.299225640745631 0.4853325081212504 5e-09
135.10416666666669 -16.062499999999996 83466 4244 2433 10 0 0.409577709296413 4.299225640745631 0.4853325081212504 5e-09
134.8125 -15.395833333333334 17942 4976 76834 10 0 0.13931513695924272 2.1362883332197637 0.17180009168237698 5e-09
134.8125 -15.395833333333334 17942 4976 76834 10 0 0.13931513695924272 2.1362883332197637 0.17180009168237698 5e-09
134.8125 -15.395833333333334 17942 4976 76834 10 0 0.13931513695924272 2.1362883332197637 0.17180009168237698 5e-09
134.8125 -15.395833333333334 17942 4976 76834 10 0 0.13931513695924272 2.1362883332197637 0.17180009168237698 5e-09
134.8125 -15.395833333333334 17942 4976 76834 10 0 0.13931513695924272 2.1362883332197637 0.17180009168237698 5e-09
134.8125 -15.395833333333334 17942 4976 76834 10 0 0.13931513695924272 2.1362883332197637 0.17180009168237698 5e-09
134.8125 -15.395833333333334 17942 4976 76834 10 0 0.13931513695924272 2.1362883332197637 0.17180009168237698 5e-09
134.8125 -15.395833333333334 17942 4976 76834 10 0 0.13931513695924272 2.1362883332197637 0.17180009168237698 5e-09
134.8125 -15.395833333333334 17942 4976 76834 10 0 0.13931513695924272 2.1362883332197637 0.17180009168237698 5e-09
134.8125 -15.395833333333334 17942 4976 76834 10 0 0.13931513695924272 2.1362883332197637 0.17180009168237698 5e-09
135.97916666666669 -15.270833333333334 93616 3114 48223 10 0 0.20301839751152434 4.477051450980852 0.2433213453664838 5e-09
135.97916666666669 -15.270833333333334 93616 3114 48223 10 0 0.20301839751152434 4.477051450980852 0.2433213453664838 5e-09
135.97916666666669 -15.270833333333334 93616 3114 48223 10 0 0.20301839751152434 4.477051450980852 0.2433213453664838 5e-09
135.97916666666669 -15.270833333333334 93616 3114 48223 10 0 0.20301839751152434 4.477051450980852 0.2433213453664838 5e-09
135.97916666666669 -15.270833333333334 93616 3114 48223 10 0 0.20301839751152434 4.477051450980852 0.2433213453664838 5e-09
135.97916666666669 -15.270833333333334 93616 3114 48223 10 0 0.20301839751152434 4.477051450980852 0.2433213453664838 5e-09
135.97916666666669 -15.270833333333334 93616 3114 48223 10 0 0.20301839751152434 4.477051450980852 0.2433213453664838 5e-09
135.97916666666669 -15.270833333333334 93616 3114 48223 10 0 0.20301839751152434 4.477051450980852 0.2433213453664838 5e-09
135.97916666666669 -15.270833333333334 93616 3114 48223 10 0 0.20301839751152434 4.477051450980852 0.2433213453664838 5e-09
135.97916666666669 -15.270833333333334 93616 3114 48223 10 0 0.20301839751152434 4.477051450980852 0.2433213453664838 5e-09
131.89583333333334 -16.729166666666664 72277 3202 80848 10 0 0.13271913088219628 1.4248733702770346 0.2654347905079039 5e-09
131.89583333333334 -16.729166666666664 72277 3202 80848 10 0 0.13271913088219628 1.4248733702770346 0.2654347905079039 5e-09
131.89583333333334 -16.729166666666664 72277 3202 80848 10 0 0.13271913088219628 1.4248733702770346 0.2654347905079039 5e-09
131.89583333333334 -16.729166666666664 72277 3202 80848 10 0 0.13271913088219628 1.4248733702770346 0.2654347905079039 5e-09
131.89583333333334 -16.729166666666664 72277 3202 80848 10 0 0.13271913088219628 1.4248733702770346 0.2654347905079039 5e-09
131.89583333333334 -16.729166666666664 72277 3202 80848 10 0 0.13271913088219628 1.4248733702770346 0.2654347905079039 5e-09
131.89583333333334 -16.729166666666664 72277 3202 80848 10 0 0.13271913088219628 1.4248733702770346 0.2654347905079039 5e-09
131.89583333333334 -16.729166666666664 72277 3202 80848 10 0 0.13271913088219628 1.4248733702770346 0.2654347905079039 5e-09
131.89583333333334 -16.729166666666664 72277 3202 80848 10 0 0.13271913088219628 1.4248733702770346 0.2654347905079039 5e-09
131.89583333333334 -16.729166666666664 72277 3202 80848 10 0 0.13271913088219628 1.4248733702770346 0.2654347905079039 5e-09
132.60416666666669 -13.645833333333334 61419 3635 45660 10 0 0.3078715814086843 4.824486263135995 0.16743752387349764 5e-09
132.60416666666669 -13.645833333333334 61419 3635 45660 10 0 0.3078715814086843 4.824486263135995 0.16743752387349764 5e-09
132.60416666666669 -13.645833333333334 61419 3635 45660 10 0 0.3078715814086843 4.824486263135995 0.16743752387349764 5e-09
132.60416666666669 -13.645833333333334 61419 3635 45660 10 0 0.3078715814086843 4.824486263135995 0.16743752387349764 5e-09
132.60416666666669 -13.645833333333334 61419 3635 45660 10 0 0.3078715814086843 4.824486263135995 0.16743752387349764 5e-09
132.60416666666669 -13.645833333333334 61419 3635 45660 10 0 0.3078715814086843 4.824486263135995 0.16743752387349764 5e-09
132.60416666666669 -13.645833333333334 61419 3635 45660 10 0 0.3078715814086843 4.824486263135995 0.16743752387349764 5e-09
132.60416666666669 -13.645833333333334 61419 3635 45660 10 0 0.3078715814086843 4.824486263135995 0.16743752387349764 5e-09
132.60416666666669 -13.645833333333334 61419 3635 45660 10 0 0.3078715814086843 4.824486263135995 0.16743752387349764 5e-09
132.60416666666669 -13.645833333333334 61419 3635 45660 10 0 0.3078715814086843 4.824486263135995 0.16743752387349764 5e-09
130.10416666666669 -16.729166666666664 48047 3730 29460 10 0 0.39271129450342374 4.283068362350832 0.14958510011265014 5e-09
130.10416666666669 -16.729166666666664 48047 3730 29460 10 0 0.39271129450342374 4.283068362350832 0.14958510011265014 5e-09
130.10416666666669 -16.729166666666664 48047 3730 29460 10 0 0.39271129450342374 4.283068362350832 0.14958510011265014 5e-09
130.10416666666669 -16.729166666666664 48047 3730 29460 10 0 0.39271129450342374 4.283068362350832 0.14958510011265014 5e-09
130.10416666666669 -16.729166666666664 48047 3730 29460 10 0 0.39271129450342374 4.283068362350832 0.14958510011265014 5e-09
130.10416666666669 -16.729166666666664 48047 3730 29460 10 0 0.39271129450342374 4.283068362350832 0.14958510011265014 5e-09
130.10416666666669 -16.729166666666664 48047 3730 29460 10 0 0.39271129450342374 4.283068362350832 0.14958510011265014 5e-09
130.10416666666669 -16.729166666666664 48047 3730 29460 10 0 0.39271129450342374 4.283068362350832 0.14958510011265014 5e-09
130.10416666666669 -16.729166666666664 48047 3730 29460 10 0 0.39271129450342374 4.283068362350832 0.14958510011265014 5e-09
130.10416666666669 -16.729166666666664 48047 3730 29460 10 0 0.39271129450342374 4.283068362350832 0.14958510011265014 5e-09
133.6875 -14.854166666666666 2105 3709 95140 10 0 0.4661517663524781 4.217502490239141 0.19037959881151773 5e-09
133.6875 -14.854166666666666 2105 3709 95140 10 0 0.4661517663524781 4.217502490239141 0.19037959881151773 5e-09
133.6875 -14.854166666666666 2105 3709 95140 10 0 0.4661517663524781 4.217502490239141 0.19037959881151773 5e-09
133.6875 -14.854166666666666 2105 3709 95140 10 0 0.4661517663524781 4.217502490239141 0.19037959881151773 5e-09
133.6875 -14.854166666666666 2105 3709 95140 10 0 0.4661517663524781 4.217502490239141 0.19037959881151773 5e-09
133.6875 -14.854166666666666 2105 3709 95140 10 0 0.4661517663524781 4.217502490239141 0.19037959881151773 5e-09
133.6875 -14.854166666666666 2105 3709 95140 10 0 0.4661517663524781 4.217502490239141 0.19037959881151773 5e-09
133.6875 -14.854166666666666 2105 3709 95140 10 0 0.4661517663524781 4.217502490239141 0.19037959881151773 5e-09
133.6875 -14.854166666666666 2105 3709 95140 10 0 0.4661517663524781 4.217502490239141 0.19037959881151773 5e-09
133.6875 -14.854166666666666 2105 3709 95140 10 0 0.4661517663524781 4.217502490239141 0.19037959881151773 5e-09
131.60416666666669 -12.645833333333334 6109 4050 41990 10 0 0.33199797960390487 4.5499237588253365 0.05273230627011155 5e-09
131.60416666666669 -12.645833333333334 6109 4050 41990 10 0 0.33199797960390487 4.5499237588253365 0.05273230627011155 5e-09
131.60416666666669 -12.645833333333334 6109 4050 41990 10 0 0.33199797960390487 4.5499237588253365 0.05273230627011155 5e-09
131.60416666666669 -12.645833333333334 6109 4050 41990 10 0 0.33199797960390487 4.5499237588253365 0.05273230627011155 5e-09
131.60416666666669 -12.645833333333334 6109 4050 41990 10 0 0.33199797960390487 4.5499237588253365 0.05273230627011155 5e-09
131.60416666666669 -12.645833333333334 6109 4050 41990 10 0 0.33199797960390487 4.5499237588253365 0.05273230627011155 5e-09
131.60416666666669 -12.645833333333334 6109 4050 41990 10 0 0.33199797960390487 4.5499237588253365 0.05273230627011155 5e-09
131.60416666666669 -12.645833333333334 6109 4050 41990 10 0 0.33199797960390487 4.5499237588253365 0.05273230627011155 5e-09
131.60416666666669 -12.645833333333334 6109 4050 41990 10 0 0.33199797960390487 4.5499237588253365 0.05273230627011155 5e-09
131.60416666666669 -12.645833333333334 6109 4050 41990 10 0 0.33199797960390487 4.5499237588253365 0.05273230627011155 5e-09
131.02083333333334 -13.4375 57186 4262 15560 10 0 0.2338588018291734 1.48726152387846 0.35922587614447393 5e-09
131.02083333333334 -13.4375 57186 4262 15560 10 0 0.2338588018291734 1.48726152387846 0.35922587614447393 5e-09
131.02083333333334 -13.4375 57186 4262 15560 10 0 0.2338588018291734 1.48726152387846 0.35922587614447393 5e-09
131.02083333333334 -13.4375 57186 4262 15560 10 0 0.2338588018291734 1.48726152387846 0.35922587614447393 5e-09
131.02083333333334 -13.4375 57186 4262 15560 10 0 0.2338588018291734 1.48726152387846 0.35922587614447393 5e-09
131.02083333333334 -13.4375 57186 4262 15560 10 0 0.2338588018291734 1.48726152387846 0.35922587614447393 5e-09
131.02083333333334 -13.4375 57186 4262 15560 10 0 0.2338588018291734 1.48726152387846 0.35922587614447393 5e-09
131.02083333333334 -13.4375 57186 4262 15560 10 0 0.2338588018291734 1.48726152387846 0.35922587614447393 5e-09
131.02083333333334 -13.4375 57186 4262 15560 10 0 0.2338588018291734 1.48726152387846 0.35922587614447393 5e-09
131.02083333333334 -13.4375 57186 4262 15560 10 0 0.2338588018291734 1.48726152387846 0.35922587614447393 5e-09
135.60416666666669 -14.145833333333334 89227 4047 57 10 0 0.23825648950135822 2.8433355656667 0.31452311277598854 5e-09
135.60416666666669 -14.145833333333334 89227 4047 57 10 0 0.23825648950135822 2.8433355656667 0.31452311277598854 5e-09
135.60416666666669 -14.145833333333334 89227 4047 57 10 0 0.23825648950135822 2.8433355656667 0.31452311277598854 5e-09
135.60416666666669 -14.145833333333334 89227 4047 57 10 0 0.23825648950135822 2.8433355656667 0.31452311277598854 5e-09
135.60416666666669 -14.145833333333334 89227 4047 57 10 0 0.23825648950135822 2.8433355656667 0.31452311277598854 5e-09
135.60416666666669 -14.145833333333334 89227 4047 57 10 0 0.23825648950135822 2.8433355656667 0.31452311277598854 5e-09
135.60416666666669 -14.145833333333334 89227 4047 57 10 0 0.23825648950135822 2.8433355656667 0.31452311277598854 5e-09
135.60416666666669 -14.145833333333334 89227 4047 57 10 0 0.23825648950135822 2.8433355656667 0.31452311277598854 5e-09
135.60416666666669 -14.145833333333334 89227 4047 57 10 0 0.23825648950135822 2.8433355656667 0.31452311277598854 5e-09
135.60416666666669 -14.145833333333334 89227 4047 57 10 0 0.23825648950135822 2.8433355656667 0.31452311277598854 5e-09
132.9375 -13.5625 25582 4163 98332 10 0 0.4761120554853281 4.166955836344458 0.18275918481986458 5e-09
132.9375 -13.5625 25582 4163 98332 10 0 0.4761120554853281 4.166955836344458 0.18275918481986458 5e-09
132.9375 -13.5625 25582 4163 98332 10 0 0.4761120554853281 4.166955836344458 0.18275918481986458 5e-09
132.9375 -13.5625 25582 4163 98332 10 0 0.4761120554853281 4.166955836344458 0.18275918481986458 5e-09
132.9375 -13.5625 25582 4163 98332 10 0 0.4761120554853281 4.166955836344458 0.18275918481986458 5e-09
132.9375 -13.5625 25582 4163 98332 10 0 0.4761120554853281 4.166955836344458 0.18275918481986458 5e-09
132.9375 -13.5625 25582 4163 98332 10 0 0.4761120554853281 4.166955836344458 0.18275918481986458 5e-09
132.9375 -13.5625 25582 4163 98332 10 0 0.4761120554853281 4.166955836344458 0.18275918481986458 5e-09
132.9375 -13.5625 25582 4163 98332 10 0 0.4761120554853281 4.166955836344458 0.18275918481986458 5e-09
132.9375 -13.5625 25582 4163 98332 10 0 0.4761120554853281 4.166955836344458 0.18275918481986458 5e-09
135.97916666666669 -12.479166666666666 84654 4141 19377 10 0 0.10378744476883912 4.81802984821454 0.08833601532995339 5e-09
135.97916666666669 -12.479166666666666 84654 4141 19377 10 0 0.10378744476883912 4.81802984821454 0.08833601532995339 5e-09
135.97916666666669 -12.479166666666666 84654 4141 19377 10 0 0.10378744476883912 4.81802984821454 0.08833601532995339 5e-09
135.97916666666669 -12.479166666666666 84654 4141 19377 10 0 0.10378744476883912 4.81802984821454 0.08833601532995339 5e-09
135.97916666666669 -12.479166666666666 84654 4141 19377 10 0 0.10378744476883912 4.81802984821454 0.08833601532995339 5e-09
135.97916666666669 -12.479166666666666 84654 4141 19377 10 0 0.10378744476883912 4.81802984821454 0.08833601532995339 5e-09
135.97916666666669 -12.479166666666666 84654 4141 19377 10 0 0.10378744476883912 4.81802984821454 0.08833601532995339 5e-09
135.97916666666669 -12.479166666666666 84654 4141 19377 10 0 0.10378744476883912 4.81802984821454 0.08833601532995339 5e-09
135.97916666666669 -12.479166666666666 84654 4141 19377 10 0 0.10378744476883912 4.81802984821454 0.08833601532995339 5e-09
135.97916666666669 -12.479166666666666 84654 4141 19377 10 0 0.10378744476883912 4.81802984821454 0.08833601532995339 5e-09
134.47916666666669 -16.979166666666664 58445 3598 77215 10 0 0.2220595742506953 3.9031140982406716 0.22442817701192314 5e-09
134.47916666666669 -16.979166666666664 58445 3598 77215 10 0 0.2220595742506953 3.9031140982406716 0.22442817701192314 5e-09
134.47916666666669 -16.979166666666664 58445 3598 77215 10 0 0.2220595742506953 3.9031140982406716 0.22442817701192314 5e-09
134.47916666666669 -16.979166666666664 58445 3598 77215 10 0 0.2220595742506953 3.9031140982406716 0.22442817701192314 5e-09
134.47916666666669 -16.979166666666664 58445 3598 77215 10 0 0.2220595742506953 3.9031140982406716 0.22442817701192314 5e-09
134.47916666666669 -16.979166666666664 58445 3598 77215 10 0 0.2220595742506953 3.9031140982406716 0.22442817701192314 5e-09
134.47916666666669 -16.979166666666664 58445 3598 77215 10 0 0.2220595742506953 3.9031140982406716 0.22442817701192314 5e-09
134.47916666666669 -16.979166666666664 58445 3598 77215 10 0 0.2220595742506953 3.9031140982406716 0.22442817701192314 5e-09
134.47916666666669 -16.979166666666664 58445 3598 77215 10 0 0.2220595742506953 3.9031140982406716 0.22442817701192314 5e-09
134.47916666666669 -16.979166666666664 58445 3598 77215 10 0 0.2220595742506953 3.9031140982406716 0.22442817701192314 5e-09
134.9375 -14.9375 25714 4521 98583 10 0 0.027975959408349745 2.9062441739043456 0.3203850046476151 5e-09
134.9375 -14.9375 25714 4521 98583 10 0 0.027975959408349745 2.9062441739043456 0.3203850046476151 5e-09
134.9375 -14.9375 25714 4521 98583 10 0 0.027975959408349745 2.9062441739043456 0.3203850046476151 5e-09
134.9375 -14.9375 25714 4521 98583 10 0 0.027975959408349745 2.9062441739043456 0.3203850046476151 5e-09
134.9375 -14.9375 25714 4521 98583 10 0 0.027975959408349745 2.9062441739043456 0.3203850046476151 5e-09
134.9375 -14.9375 25714 4521 98583 10 0 0.027975959408349745 2.9062441739043456 0.3203850046476151 5e-09
134.9375 -14.9375 25714 4521 98583 10 0 0.027975959408349745 2.9062441739043456 0.3203850046476151 5e-09
134.9375 -14.9375 25714 4521 98583 10 0 0.027975959408349745 2.9062441739043456 0.3203850046476151 5e-09
134.9375 -14.9375 25714 4521 98583 10 0 0.027975959408349745 2.9062441739043456 0.3203850046476151 5e-09
134.9375 -14.9375 25714 4521 98583 10 0 0.027975959408349745 2.9062441739043456 0.3203850046476151 5e-09
135.72916666666669 -16.562499999999996 14524 3013 61819 10 0 0.2790795396631599 3.42005627380079 0.32100075165860764 5e-09
135.72916666666669 -16.562499999999996 14524 3013 61819 10 0 0.2790795396631599 3.42005627380079 0.32100075165860764 5e-09
135.72916666666669 -16.562499999999996 14524 3013 61819 10 0 0.2790795396631599 3.42005627380079 0.32100075165860764 5e-09
135.72916666666669 -16.562499999999996 14524 3013 61819 10 0 0.2790795396631599 3.42005627380079 0.32100075165860764 5e-09
135.72916666666669 -16.562499999999996 14524 3013 61819 10 0 0.2790795396631599 3.42005627380079 0.32100075165860764 5e-09
135.72916666666669 -16.562499999999996 14524 3013 61819 10 0 0.2790795396631599 3.42005627380079 0.32100075165860764 5e-09
135.72916666666669 -16.562499999999996 14524 3013 61819 10 0 0.2790795396631599 3.42005627380079 0.32100075165860764 5e-09
135.72916666666669 -16.562499999999996 14524 3013 61819 10 0 0.2790795396631599 3.42005627380079 0.32100075165860764 5e-09
135.72916666666669 -16.562499999999996 14524 3013 61819 10 0 0.2790795396631599 3.42005627380079 0.32100075165860764 5e-09
135.72916666666669 -16.562499999999996 14524 3013 61819 10 0 0.2790795396631599 3.42005627380079 0.32100075165860764 5e-09
136.10416666666669 -13.020833333333334 43470 3200 164 10 0 0.06815743823365847 1.4433844802688967 0.0697543147288402 5e-09
136.10416666666669 -13.020833333333334 43470 3200 164 10 0 0.06815743823365847 1.4433844802688967 0.0697543147288402 5e-09
136.10416666666669 -13.020833333333334 43470 3200 164 10 0 0.06815743823365847 1.4433844802688967 0.0697543147288402 5e-09
136.10416666666669 -13.020833333333334 43470 3200 164 10 0 0.06815743823365847 1.4433844802688967 0.0697543147288402 5e-09
136.10416666666669 -13.020833333333334 43470 3200 164 10 0 0.06815743823365847 1.4433844802688967 0.0697543147288402 5e-09
136.10416666666669 -13.020833333333334 43470 3200 164 10 0 0.06815743823365847 1.4433844802688967 0.0697543147288402 5e-09
136.10416666666669 -13.020833333333334 43470 3200 164 10 0 0.06815743823365847 1.4433844802688967 0.0697543147288402 5e-09
136.10416666666669 -13.020833333333334 43470 3200 164 10 0 0.06815743823365847 1.4433844802688967 0.0697543147288402 5e-09
136.10416666666669 -13.020833333333334 43470 3200 164 10 0 0.06815743823365847 1.4433844802688967 0.0697543147288402 5e-09
136.10416666666669 -13.020833333333334 43470 3200 164 10 0 0.06815743823365847 1.4433844802688967 0.0697543147288402 5e-09
128.47916666666669 -16.479166666666664 92833 4313 88973 10 0 0.36544020928125753 3.5645790218556725 0.039621036147101496 5e-09
128.47916666666669 -16.479166666666664 92833 4313 88973 10 0 0.36544020928125753 3.5645790218556725 0.039621036147101496 5e-09
128.47916666666669 -16.479166666666664 92833 4313 88973 10 0 0.36544020928125753 3.5645790218556725 0.039621036147101496 5e-09
128.47916666666669 -16.479166666666664 92833 4313 88973 10 0 0.36544020928125753 3.5645790218556725 0.039621036147101496 5e-09
128.47916666666669 -16.479166666666664 92833 4313 88973 10 0 0.36544020928125753 3.5645790218556725 0.039621036147101496 5e-09
128.47916666666669 -16.479166666666664 92833 4313 88973 10 0 0.36544020928125753 3.5645790218556725 0.039621036147101496 5e-09
128.47916666666669 -16.479166666666664 92833 4313 88973 10 0 0.36544020928125753 3.5645790218556725 0.039621036147101496 5e-09
128.47916666666669 -16.479166666666664 92833 4313 88973 10 0 0.36544020928125753 3.5645790218556725 0.039621036147101496 5e-09
128.47916666666669 -16.479166666666664 92833 4313 88973 10 0 0.36544020928125753 3.5645790218556725 0.039621036147101496 5e-09
128.47916666666669 -16.479166666666664 92833 4313 88973 10 0 0.36544020928125753 3.5645790218556725 0.039621036147101496 5e-09
136.0625 -13.229166666666666 19622 3524 67955 10 0 0.34233970270648384 2.6190006276308972 0.012318333856927322 5e-09
136.0625 -13.229166666666666 19622 3524 67955 10 0 0.34233970270648384 2.6190006276308972 0.012318333856927322 5e-09
136.0625 -13.229166666666666 19622 3524 67955 10 0 0.34233970270648384 2.6190006276308972 0.012318333856927322 5e-09
136.0625 -13.229166666666666 19622 3524 67955 10 0 0.34233970270648384 2.6190006276308972 0.012318333856927322 5e-09
136.0625 -13.229166666666666 19622 3524 67955 10 0 0.34233970270648384 2.6190006276308972 0.012318333856927322 5e-09
136.0625 -13.229166666666666 19622 3524 67955 10 0 0.34233970270648384 2.6190006276308972 0.012318333856927322 5e-09
136.0625 -13.229166666666666 19622 3524 67955 10 0 0.34233970270648384 2.6190006276308972 0.012318333856927322 5e-09
136.0625 -13.229166666666666 19622 3524 67955 10 0 0.34233970270648384 2.6190006276308972 0.012318333856927322 5e-09
136.0625 -13.229166666666666 19622 3524 67955 10 0 0.34233970270648384 2.6190006276308972 0.012318333856927322 5e-09
136.0625 -13.229166666666666 19622 3524 67955 10 0 0.34233970270648384 2.6190006276308972 0.012318333856927322 5e-09
129.9375 -13.895833333333334 48416 3229 74134 10 0 0.12868730634331133 2.554373732126867 0.09808247462214514 5e-09
129.9375 -13.895833333333334 48416 3229 74134 10 0 0.12868730634331133 2.554373732126867 0.09808247462214514 5e-09
129.9375 -13.895833333333334 48416 3229 74134 10 0 0.12868730634331133 2.554373732126867 0.09808247462214514 5e-09
129.9375 -13.895833333333334 48416 3229 74134 10 0 0.12868730634331133 2.554373732126867 0.09808247462214514 5e-09
129.9375 -13.895833333333334 48416 3229 74134 10 0 0.12868730634331133 2.554373732126867 0.09808247462214514 5e-09
129.9375 -13.895833333333334 48416 3229 74134 10 0 0.12868730634331133 2.554373732126867 0.09808247462214514 5e-09
129.9375 -13.895833333333334 48416 3229 74134 10 0 0.12868730634331133 2.554373732126867 0.09808247462214514 5e-09
129.9375 -13.895833333333334 48416 3229 74134 10 0 0.12868730634331133 2.554373732126867 0.09808247462214514 5e-09
129.9375 -13.895833333333334 48416 3229 74134 10 0 0.12868730634331133 2.554373732126867 0.09808247462214514 5e-09
129.9375 -13.895833333333334 48416 3229 74134 10 0 0.12868730634331133 2.554373732126867 0.09808247462214514 5e-09
132.02083333333334 -16.145833333333332 79469 4653 38853 10 0 0.1585202901282949 4.454072388051699 0.17247145154673005 5e-09
132.02083333333334 -16.145833333333332 79469 4653 38853 10 0 0.1585202901282949 4.454072388051699 0.17247145154673005 5e-09
132.02083333333334 -16.145833333333332 79469 4653 38853 10 0 0.1585202901282949 4.454072388051699 0.17247145154673005 5e-09
132.02083333333334 -16.145833333333332 79469 4653 38853 10 0 0.1585202901282949 4.454072388051699 0.17247145154673005 5e-09
132.02083333333334 -16.145833333333332 79469 4653 38853 10 0 0.1585202901282949 4.454072388051699 0.17247145154673005 5e-09
132.02083333333334 -16.145833333333332 79469 4653 38853 10 0 0.1585202901282949 4.454072388051699 0.17247145154673005 5e-09
132.02083333333334 -16.145833333333332 79469 4653 38853 10 0 0.1585202901282949 4.454072388051699 0.17247145154673005 5e-09
132.02083333333334 -16.145833333333332 79469 4653 38853 10 0 0.1585202901282949 4.454072388051699 0.17247145154673005 5e-09
132.02083333333334 -16.145833333333332 79469 4653 38853 10 0 0.1585202901282949 4.454072388051699 0.17247145154673005 5e-09
132.02083333333334 -16.145833333333332 79469 4653 38853 10 0 0.1585202901282949 4.454072388051699 0.17247145154673005 5e-09
131.6875 -13.8125 27495 3444 48042 10 0 0.451367533356226 2.5935822199100738 0.3001006225627906 5e-09
131.6875 -13.8125 27495 3444 48042 10 0 0.451367533356226 2.5935822199100738 0.3001006225627906 5e-09
131.6875 -13.8125 27495 3444 48042 10 0 0.451367533356226 2.5935822199100738 0.3001006225627906 5e-09
131.6875 -13.8125 27495 3444 48042 10 0 0.451367533356226 2.5935822199100738 0.3001006225627906 5e-09
131.6875 -13.8125 27495 3444 48042 10 0 0.451367533356226 2.5935822199100738 0.3001006225627906 5e-09
131.6875 -13.8125 27495 3444 48042 10 0 0.451367533356226 2.5935822199100738 0.3001006225627906 5e-09
131.6875 -13.8125 27495 3444 48042 10 0 0.451367533356226 2.5935822199100738 0.3001006225627906 5e-09
131.6875 -13.8125 27495 3444 48042 10 0 0.451367533356226 2.5935822199100738 0.3001006225627906 5e-09
131.6875 -13.8125 27495 3444 48042 10 0 0.451367533356226 2.5935822199100738 0.3001006225627906 5e-09
131.6875 -13.8125 27495 3444 48042 10 0 0.451367533356226 2.5935822199100738 0.3001006225627906 5e-09
133.3125 -14.479166666666666 29284 3882 73520 10 0 0.33601873945712957 3.1593609128802553 0.2857680264223522 5e-09
133.3125 -14.479166666666666 29284 3882 73520 10 0 0.33601873945712957 3.1593609128802553 0.2857680264223522 5e-09
133.3125 -14.479166666666666 29284 3882 73520 10 0 0.33601873945712957 3.1593609128802553 0.2857680264223522 5e-09
133.3125 -14.479166666666666 29284 3882 73520 10 0 0.33601873945712957 3.1593609128802553 0.2857680264223522 5e-09
133.3125 -14.479166666666666 29284 3882 73520 10 0 0.33601873945712957 3.1593609128802553 0.2857680264223522 5e-09
133.3125 -14.479166666666666 29284 3882 73520 10 0 0.33601873945712957 3.1593609128802553 0.2857680264223522 5e-09
133.3125 -14.479166666666666 29284 3882 73520 10 0 0.33601873945712957 3.1593609128802553 0.2857680264223522 5e-09
133.3125 -14.479166666666666 29284 3882 73520 10 0 0.33601873945712957 3.1593609128802553 0.2857680264223522 5e-09
133.3125 -14.479166666666666 29284 3882 73520 10 0 0.33601873945712957 3.1593609128802553 0.2857680264223522 5e-09
133.3125 -14.479166666666666 29284 3882 73520 10 0 0.33601873945712957 3.1593609128802553 0.2857680264223522 5e-09
137.52083333333334 -16.937499999999996 36385 3038 65856 10 0 0.42744730808907594 2.35368896439417 0.08438923391710618 5e-09
137.52083333333334 -16.937499999999996 36385 3038 65856 10 0 0.42744730808907594 2.35368896439417 0.08438923391710618 5e-09
137.52083333333334 -16.937499999999996 36385 3038 65856 10 0 0.42744730808907594 2.35368896439417 0.08438923391710618 5e-09
137.52083333333334 -16.937499999999996 36385 3038 65856 10 0 0.42744730808907594 2.35368896439417 0.08438923391710618 5e-09
137.52083333333334 -16.937499999999996 36385 3038 65856 10 0 0.42744730808907594 2.35368896439417 0.08438923391710618 5e-09
137.52083333333334 -16.937499999999996 36385 3038 65856 10 0 0.42744730808907594 2.35368896439417 0.08438923391710618 5e-09
137.52083333333334 -16.937499999999996 36385 3038 65856 10 0 0.42744730808907594 2.35368896439417 0.08438923391710618 5e-09
137.52083333333334 -16.937499999999996 36385 3038 65856 10 0 0.42744730808907594 2.35368896439417 0.08438923391710618 5e-09
137.52083333333334 -16.937499999999996 36385 3038 65856 10 0 0.42744730808907594 2.35368896439417 0.08438923391710618 5e-09
137.52083333333334 -16.937499999999996 36385 3038 65856 10 0 0.42744730808907594 2.35368896439417 0.08438923391710618 5e-09
130.35416666666669 -16.312499999999996 72625 4125 47228 10 0 0.4059522412731836 1.2084797914878491 0.47205617022169793 5e-09
130.35416666666669 -16.312499999999996 72625 4125 47228 10 0 0.4059522412731836 1.2084797914878491 0.47205617022169793 5e-09
130.35416666666669 -16.312499999999996 72625 4125 47228 10 0 0.4059522412731836 1.2084797914878491 0.47205617022169793 5e-09
130.35416666666669 -16.312499999999996 72625 4125 47228 10 0 0.4059522412731836 1.2084797914878491 0.47205617022169793 5e-09
130.35416666666669 -16.312499999999996 72625 4125 47228 10 0 0.4059522412731836 1.2084797914878491 0.47205617022169793 5e-09
130.35416666666669 -16.312499999999996 72625 4125 47228 10 0 0.4059522412731836 1.2084797914878491 0.47205617022169793 5e-09
130.35416666666669 -16.312499999999996 72625 4125 47228 10 0 0.4059522412731836 1.2084797914878491 0.47205617022169793 5e-09
130.35416666666669 -16.312499999999996 72625 4125 47228 10 0 0.4059522412731836 1.2084797914878491 0.47205617022169793 5e-09
130.35416666666669 -16.312499999999996 72625 4125 47228 10 0 0.4059522412731836 1.2084797914878491 0.47205617022169793 5e-09
130.35416666666669 -16.312499999999996 72625 4125 47228 10 0 0.4059522412731836 1.2084797914878491 0.47205617022169793 5e-09
131.64583333333334 -12.354166666666666 60255 4296 69808 10 0 0.30855607509039495 2.4453093676462965 0.27726789875344054 5e-09
131.64583333333334 -12.354166666666666 60255 4296 69808 10 0 0.30855607509039495 2.4453093676462965 0.27726789875344054 5e-09
131.64583333333334 -12.354166666666666 60255 4296 69808 10 0 0.30855607509039495 2.4453093676462965 0.27726789875344054 5e-09
131.64583333333334 -12.354166666666666 60255 4296 69808 10 0 0.30855607509039495 2.4453093676462965 0.27726789875344054 5e-09
131.64583333333334 -12.354166666666666 60255 4296 69808 10 0 0.30855607509039495 2.4453093676462965 0.27726789875344054 5e-09
131.64583333333334 -12.354166666666666 60255 4296 69808 10 0 0.30855607509039495 2.4453093676462965 0.27726789875344054 5e-09
131.64583333333334 -12.354166666666666 60255 4296 69808 10 0 0.30855607509039495 2.4453093676462965 0.27726789875344054 5e-09
131.64583333333334 -12.354166666666666 60255 4296 69808 10 0 0.30855607509039495 2.4453093676462965 0.27726789875344054 5e-09
131.64583333333334 -12.354166666666666 60255 4296 69808 10 0 0.30855607509039495 2.4453093676462965 0.27726789875344054 5e-09
131.64583333333334 -12.354166666666666 60255 4296 69808 10 0 0.30855607509039495 2.4453093676462965 0.27726789875344054 5e-09
134.8125 -13.979166666666666 69550 4175 28021 10 0 0.14248231975849793 2.9167762055397914 0.049646372638884384 5e-09
134.8125 -13.979166666666666 69550 4175 28021 10 0 0.14248231975849793 2.9167762055397914 0.049646372638884384 5e-09
134.8125 -13.979166666666666 69550 4175 28021 10 0 0.14248231975849793 2.9167762055397914 0.049646372638884384 5e-09
134.8125 -13.979166666666666 69550 4175 28021 10 0 0.14248231975849793 2.9167762055397914 0.049646372638884384 5e-09
134.8125 -13.979166666666666 69550 4175 28021 10 0 0.14248231975849793 2.9167762055397914 0.049646372638884384 5e-09
134.8125 -13.979166666666666 69550 4175 28021 10 0 0.14248231975849793 2.9167762055397914 0.049646372638884384 5e-09
134.8125 -13.979166666666666 69550 4175 28021 10 0 0.14248231975849793 2.9167762055397914 0.049646372638884384 5e-09
134.8125 -13.979166666666666 69550 4175 28021 10 0 0.14248231975849793 2.9167762055397914 0.049646372638884384 5e-09
134.8125 -13.979166666666666 69550 4175 28021 10 0 0.14248231975849793 2.9167762055397914 0.049646372638884384 5e-09
134.8125 -13.979166666666666 69550 4175 28021 10 0 0.14248231975849793 2.9167762055397914 0.049646372638884384 5e-09
132.89583333333334 -11.9375 93204 4689 68298 10 0 0.21669824130702003 3.2026237644977935 0.04725340686712276 5e-09
132.89583333333334 -11.9375 93204 4689 68298 10 0 0.21669824130702003 3.2026237644977935 0.04725340686712276 5e-09
132.89583333333334 -11.9375 93204 4689 68298 10 0 0.21669824130702003 3.2026237644977935 0.04725340686712276 5e-09
132.89583333333334 -11.9375 93204 4689 68298 10 0 0.21669824130702003 3.2026237644977935 0.04725340686712276 5e-09
132.89583333333334 -11.9375 93204 4689 68298 10 0 0.21669824130702003 3.2026237644977935 0.04725340686712276 5e-09
132.89583333333334 -11.9375 93204 4689 68298 10 0 0.21669824130702003 3.2026237644977935 0.04725340686712276 5e-09
132.89583333333334 -11.9375 93204 4689 68298 10 0 0.21669824130702003 3.2026237644977935 0.04725340686712276 5e-09
132.89583333333334 -11.9375 93204 4689 68298 10 0 0.21669824130702003 3.2026237644977935 0.04725340686712276 5e-09
132.89583333333334 -11.9375 93204 4689 68298 10 0 0.21669824130702003 3.2026237644977935 0.04725340686712276 5e-09
132.89583333333334 -11.9375 93204 4689 68298 10 0 0.21669824130702003 3.2026237644977935 0.04725340686712276 5e-09
136.72916666666669 -15.6875 34704 3969 14256 10 0 0.4073608297276195 1.3524589571142083 0.27837396466492637 5e-09
136.72916666666669 -15.6875 34704 3969 14256 10 0 0.4073608297276195 1.3524589571142083 0.27837396466492637 5e-09
136.72916666666669 -15.6875 34704 3969 14256 10 0 0.4073608297276195 1.3524589571142083 0.27837396466492637 5e-09
136.72916666666669 -15.6875 34704 3969 14256 10 0 0.4073608297276195 1.3524589571142083 0.27837396466492637 5e-09
136.72916666666669 -15.6875 34704 3969 14256 10 0 0.4073608297276195 1.3524589571142083 0.27837396466492637 5e-09
136.72916666666669 -15.6875 34704 3969 14256 10 0 0.4073608297276195 1.3524589571142083 0.27837396466492637 5e-09
136.72916666666669 -15.6875 34704 3969 14256 10 0 0.4073608297276195 1.3524589571142083 0.27837396466492637 5e-09
136.72916666666669 -15.6875 34704 3969 14256 10 0 0.4073608297276195 1.3524589571142083 0.27837396466492637 5e-09
136.72916666666669 -15.6875 34704 3969 14256 10 0 0.4073608297276195 1.3524589571142083 0.27837396466492637 5e-09
136.72916666666669 -15.6875 34704 3969 14256 10 0 0.4073608297276195 1.3524589571142083 0.27837396466492637 5e-09
133.72916666666669 -16.270833333333332 39962 3101 93845 10 0 0.10349270030874935 2.5422200149843266 0.07689169024685316 5e-09
133.72916666666669 -16.270833333333332 39962 3101 93845 10 0 0.10349270030874935 2.5422200149843266 0.07689169024685316 5e-09
133.72916666666669 -16.270833333333332 39962 3101 93845 10 0 0.10349270030874935 2.5422200149843266 0.07689169024685316 5e-09
133.72916666666669 -16.270833333333332 39962 3101 93845 10 0 0.10349270030874935 2.5422200149843266 0.07689169024685316 5e-09
133.72916666666669 -16.270833333333332 39962 3101 93845 10 0 0.10349270030874935 2.5422200149843266 0.07689169024685316 5e-09
133.72916666666669 -16.270833333333332 39962 3101 93845 10 0 0.10349270030874935 2.5422200149843266 0.07689169024685316 5e-09
133.72916666666669 -16.270833333333332 39962 3101 93845 10 0 0.10349270030874935 2.5422200149843266 0.07689169024685316 5e-09
133.72916666666669 -16.270833333333332 39962 3101 93845 10 0 0.10349270030874935 2.5422200149843266 0.07689169024685316 5e-09
133.72916666666669 -16.270833333333332 39962 3101 93845 10 0 0.10349270030874935 2.5422200149843266 0.07689169024685316 5e-09
133.72916666666669 -16.270833333333332 39962 3101 93845 10 0 0.10349270030874935 2.5422200149843266 0.07689169024685316 5e-09
133.9375 -16.812499999999996 98909 4498 17511 10 0 0.26226102239104276 3.2676136626651755 0.286555829125117 5e-09
133.9375 -16.812499999999996 98909 4498 17511 10 0 0.26226102239104276 3.2676136626651755 0.286555829125117 5e-09
133.9375 -16.812499999999996 98909 4498 17511 10 0 0.26226102239104276 3.2676136626651755 0.286555829125117 5e-09
133.9375 -16.812499999999996 98909 4498 17511 10 0 0.26226102239104276 3.2676136626651755 0.286555829125117 5e-09
133.9375 -16.812499999999996 98909 4498 17511 10 0 0.26226102239104276 3.2676136626651755 0.286555829125117 5e-09
133.9375 -16.812499999999996 98909 4498 17511 10 0 0.26226102239104276 3.2676136626651755 0.286555829125117 5e-09
133.9375 -16.812499999999996 98909 4498 17511 10 0 0.26226102239104276 3.2676136626651755 0.286555829125117 5e-09
133.9375 -16.812499999999996 98909 4498 17511 10 0 0.26226102239104276 3.2676136626651755 0.286555829125117 5e-09
133.9375 -16.812499999999996 98909 4498 17511 10 0 0.26226102239104276 3.2676136626651755 0.286555829125117 5e-09
133.9375 -16.812499999999996 98909 4498 17511 10 0 0.26226102239104276 3.2676136626651755 0.286555829125117 5e-09
131.10416666666669 -14.270833333333334 9025 4224 36337 10 0 0.36586246044078397 3.882405233425425 0.04996211989278354 5e-09
131.10416666666669 -14.270833333333334 9025 4224 36337 10 0 0.36586246044078397 3.882405233425425 0.04996211989278354 5e-09
131.10416666666669 -14.270833333333334 9025 4224 36337 10 0 0.36586246044078397 3.882405233425425 0.04996211989278354 5e-09
131.10416666666669 -14.270833333333334 9025 4224 36337 10 0 0.36586246044078397 3.882405233425425 0.04996211989278354 5e-09
131.10416666666669 -14.270833333333334 9025 4224 36337 10 0 0.36586246044078397 3.882405233425425 0.04996211989278354 5e-09
131.10416666666669 -14.270833333333334 9025 4224 36337 10 0 0.36586246044078397 3.882405233425425 0.04996211989278354 5e-09
131.10416666666669 -14.270833333333334 9025 4224 36337 10 0 0.36586246044078397 3.882405233425425 0.04996211989278354 5e-09
131.10416666666669 -14.270833333333334 9025 4224 36337 10 0 0.36586246044078397 3.882405233425425 0.04996211989278354 5e-09
131.10416666666669 -14.270833333333334 9025 4224 36337 10 0 0.36586246044078397 3.882405233425425 0.04996211989278354 5e-09
131.10416666666669 -14.270833333333334 9025 4224 36337 10 0 0.36586246044078397 3.882405233425425 0.04996211989278354 5e-09
137.4375 -16.979166666666664 7227 3685 96140 10 0 0.16838097195593807 1.7937508034869558 0.23003772850802312 5e-09
137.4375 -16.979166666666664 7227 3685 96140 10 0 0.16838097195593807 1.7937508034869558 0.23003772850802312 5e-09
137.4375 -16.979166666666664 7227 3685 96140 10 0 0.16838097195593807 1.7937508034869558 0.23003772850802312 5e-09
137.4375 -16.979166666666664 7227 3685 96140 10 0 0.16838097195593807 1.7937508034869558 0.23003772850802312 5e-09
137.4375 -16.979166666666664 7227 3685 96140 10 0 0.16838097195593807 1.7937508034869558 0.23003772850802312 5e-09
137.4375 -16.979166666666664 7227 3685 96140 10 0 0.16838097195593807 1.7937508034869558 0.23003772850802312 5e-09
137.4375 -16.979166666666664 7227 3685 96140 10 0 0.16838097195593807 1.7937508034869558 0.23003772850802312 5e-09
137.4375 -16.979166666666664 7227 3685 96140 10 0 0.16838097195593807 1.7937508034869558 0.23003772850802312 5e-09
137.4375 -16.979166666666664 7227 3685 96140 10 0 0.16838097195593807 1.7937508034869558 0.23003772850802312 5e-09
137.4375 -16.979166666666664 7227 3685 96140 10 0 0.16838097195593807 1.7937508034869558 0.23003772850802312 5e-09
128.8125 -16.520833333333332 93144 4574 57589 10 0 0.3399946238083638 3.3615568553383666 0.20105791487382912 5e-09
128.8125 -16.520833333333332 93144 4574 57589 10 0 0.3399946238083638 3.3615568553383666 0.20105791487382912 5e-09
128.8125 -16.520833333333332 93144 4574 57589 10 0 0.3399946238083638 3.3615568553383666 0.20105791487382912 5e-09
128.8125 -16.520833333333332 93144 4574 57589 10 0 0.3399946238083638 3.3615568553383666 0.20105791487382912 5e-09
128.8125 -16.520833333333332 93144 4574 57589 10 0 0.3399946238083638 3.3615568553383666 0.20105791487382912 5e-09
128.8125 -16.520833333333332 93144 4574 57589 10 0 0.3399946238083638 3.3615568553383666 0.20105791487382912 5e-09
128.8125 -16.520833333333332 93144 4574 57589 10 0 0.3399946238083638 3.3615568553383666 0.20105791487382912 5e-09
128.8125 -16.520833333333332 93144 4574 57589 10 0 0.3399946238083638 3.3615568553383666 0.20105791487382912 5e-09
128.8125 -16.520833333333332 93144 4574 57589 10 0 0.3399946238083638 3.3615568553383666 0.20105791487382912 5e-09
128.8125 -16.520833333333332 93144 4574 57589 10 0 0.3399946238083638 3.3615568553383666 0.20105791487382912 5e-09
133.97916666666669 -16.687499999999996 84507 3882 66377 10 0 0.1439651846692888 4.954674081274987 0.06455139344160876 5e-09
133.97916666666669 -16.687499999999996 84507 3882 66377 10 0 0.1439651846692888 4.954674081274987 0.06455139344160876 5e-09
133.97916666666669 -16.687499999999996 84507 3882 66377 10 0 0.1439651846692888 4.954674081274987 0.06455139344160876 5e-09
133.97916666666669 -16.687499999999996 84507 3882 66377 10 0 0.1439651846692888 4.954674081274987 0.06455139344160876 5e-09
133.97916666666669 -16.687499999999996 84507 3882 66377 10 0 0.1439651846692888 4.954674081274987 0.06455139344160876 5e-09
133.97916666666669 -16.687499999999996 84507 3882 66377 10 0 0.1439651846692888 4.954674081274987 0.06455139344160876 5e-09
133.97916666666669 -16.687499999999996 84507 3882 66377 10 0 0.1439651846692888 4.954674081274987 0.06455139344160876 5e-09
133.97916666666669 -16.687499999999996 84507 3882 66377 10 0 0.1439651846692888 4.954674081274987 0.06455139344160876 5e-09
133.97916666666669 -16.687499999999996 84507 3882 66377 10 0 0.1439651846692888 4.954674081274987 0.06455139344160876 5e-09
133.97916666666669 -16.687499999999996 84507 3882 66377 10 0 0.1439651846692888 4.954674081274987 0.06455139344160876 5e-09
133.39583333333334 -16.604166666666664 63825 3408 96998 10 0 0.03387357717088377 3.941312726902697 0.12876764753441955 5e-09
133.39583333333334 -16.604166666666664 63825 3408 96998 10 0 0.03387357717088377 3.941312726902697 0.12876764753441955 5e-09
133.39583333333334 -16.604166666666664 63825 3408 96998 10 0 0.03387357717088377 3.941312726902697 0.12876764753441955 5e-09
133.39583333333334 -16.604166666666664 63825 3408 96998 10 0 0.03387357717088377 3.941312726902697 0.12876764753441955 5e-09
133.39583333333334 -16.604166666666664 63825 3408 96998 10 0 0.03387357717088377 3.941312726902697 0.12876764753441955 5e-09
133.39583333333334 -16.604166666666664 63825 3408 96998 10 0 0.03387357717088377 3.941312726902697 0.12876764753441955 5e-09
133.39583333333334 -16.604166666666664 63825 3408 96998 10 0 0.03387357717088377 3.941312726902697 0.12876764753441955 5e-09
133.39583333333334 -16.604166666666664 63825 3408 96998 10 0 0.03387357717088377 3.941312726902697 0.12876764753441955 5e-09
133.39583333333334 -16.604166666666664 63825 3408 96998 10 0 0.03387357717088377 3.941312726902697 0.12876764753441955 5e-09
133.39583333333334 -16.604166666666664 63825 3408 96998 10 0 0.03387357717088377 3.941312726902697 0.12876764753441955 5e-09
128.10416666666669 -15.145833333333334 54603 3082 54092 10 0 0.35737530426057584 4.813621943566227 0.20223854085827364 5e-09
128.10416666666669 -15.145833333333334 54603 3082 54092 10 0 0.35737530426057584 4.813621943566227 0.20223854085827364 5e-09
128.10416666666669 -15.145833333333334 54603 3082 54092 10 0 0.35737530426057584 4.813621943566227 0.20223854085827364 5e-09
128.10416666666669 -15.145833333333334 54603 3082 54092 10 0 0.35737530426057584 4.813621943566227 0.20223854085827364 5e-09
128.10416666666669 -15.145833333333334 54603 3082 54092 10 0 0.35737530426057584 4.813621943566227 0.20223854085827364 5e-09
128.10416666666669 -15.145833333333334 54603 3082 54092 10 0 0.35737530426057584 4.813621943566227 0.20223854085827364 5e-09
128.10416666666669 -15.145833333333334 54603 3082 54092 10 0 0.35737530426057584 4.813621943566227 0.20223854085827364 5e-09
128.10416666666669 -15.145833333333334 54603 3082 54092 10 0 0.35737530426057584 4.813621943566227 0.20223854085827364 5e-09
128.10416666666669 -15.145833333333334 54603 3082 54092 10 0 0.35737530426057584 4.813621943566227 0.20223854085827364 5e-09
128.10416666666669 -15.145833333333334 54603 3082 54092 10 0 0.35737530426057584 4.813621943566227 0.20223854085827364 5e-09
135.8125 -13.645833333333334 6671 4047 86327 10 0 0.07913228052607793 1.5961488464078952 0.08926320416271111 5e-09
135.8125 -13.645833333333334 6671 4047 86327 10 0 0.07913228052607793 1.5961488464078952 0.08926320416271111 5e-09
135.8125 -13.645833333333334 6671 4047 86327 10 0 0.07913228052607793 1.5961488464078952 0.08926320416271111 5e-09
135.8125 -13.645833333333334 6671 4047 86327 10 0 0.07913228052607793 1.5961488464078952 0.08926320416271111 5e-09
135.8125 -13.645833333333334 6671 4047 86327 10 0 0.07913228052607793 1.5961488464078952 0.08926320416271111 5e-09
135.8125 -13.645833333333334 6671 4047 86327 10 0 0.07913228052607793 1.5961488464078952 0.08926320416271111 5e-09
135.8125 -13.645833333333334 6671 4047 86327 10 0 0.07913228052607793 1.5961488464078952 0.08926320416271111 5e-09
135.8125 -13.645833333333334 6671 4047 86327 10 0 0.07913228052607793 1.5961488464078952 0.08926320416271111 5e-09
135.8125 -13.645833333333334 6671 4047 86327 10 0 0.07913228052607793 1.5961488464078952 0.08926320416271111 5e-09
135.8125 -13.645833333333334 6671 4047 86327 10 0 0.07913228052607793 1.5961488464078952 0.08926320416271111 5e-09
128.02083333333334 -15.020833333333334 34357 3557 8491 10 0 0.3506111319686281 3.654667434984714 0.47851847492239635 5e-09
128.02083333333334 -15.020833333333334 34357 3557 8491 10 0 0.3506111319686281 3.654667434984714 0.47851847492239635 5e-09
128.02083333333334 -15.020833333333334 34357 3557 8491 10 0 0.3506111319686281 3.654667434984714 0.47851847492239635 5e-09
128.02083333333334 -15.020833333333334 34357 3557 8491 10 0 0.3506111319686281 3.654667434984714 0.47851847492239635 5e-09
128.02083333333334 -15.020833333333334 34357 3557 8491 10 0 0.3506111319686281 3.654667434984714 0.47851847492239635 5e-09
128.02083333333334 -15.020833333333334 34357 3557 8491 10 0 0.3506111319686281 3.654667434984714 0.47851847492239635 5e-09
128.02083333333334 -15.020833333333334 34357 3557 8491 10 0 0.3506111319686281 3.654667434984714 0.47851847492239635 5e-09
128.02083333333334 -15.020833333333334 34357 3557 8491 10 0 0.3506111319686281 3.654667434984714 0.47851847492239635 5e-09
128.02083333333334 -15.020833333333334 34357 3557 8491 10 0 0.3506111319686281 3.654667434984714 0.47851847492239635 5e-09
128.02083333333334 -15.020833333333334 34357 3557 8491 10 0 0.3506111319686281 3.654667434984714 0.47851847492239635 5e-09
134.60416666666669 -15.979166666666666 47139 4146 68210 10 0 0.25131265139201897 1.1097857274748892 0.46756022297894084 5e-09
134.60416666666669 -15.979166666666666 47139 4146 68210 10 0 0.25131265139201897 1.1097857274748892 0.46756022297894084 5e-09
134.60416666666669 -15.979166666666666 47139 4146 68210 10 0 0.25131265139201897 1.1097857274748892 0.46756022297894084 5e-09
134.60416666666669 -15.979166666666666 47139 4146 68210 10 0 0.25131265139201897 1.1097857274748892 0.46756022297894084 5e-09
134.60416666666669 -15.979166666666666 47139 4146 68210 10 0 0.25131265139201897 1.1097857274748892 0.46756022297894084 5e-09
134.60416666666669 -15.979166666666666 47139 4146 68210 10 0 0.25131265139201897 1.1097857274748892 0.46756022297894084 5e-09
134.60416666666669 -15.979166666666666 47139 4146 68210 10 0 0.25131265139201897 1.1097857274748892 0.46756022297894084 5e-09
134.60416666666669 -15.979166666666666 47139 4146 68210 10 0 0.25131265139201897 1.1097857274748892 0.46756022297894084 5e-09
134.60416666666669 -15.979166666666666 47139 4146 68210 10 0 0.25131265139201897 1.1097857274748892 0.46756022297894084 5e-09
134.60416666666669 -15.979166666666666 47139 4146 68210 10 0 0.25131265139201897 1.1097857274748892 0.46756022297894084 5e-09
134.8125 -14.9375 45919 3729 91329 10 0 0.2293673795375828 1.9120977233296168 0.25281193704720867 5e-09
134.8125 -14.9375 45919 3729 91329 10 0 0.2293673795375828 1.9120977233296168 0.25281193704720867 5e-09
134.8125 -14.9375 45919 3729 91329 10 0 0.2293673795375828 1.9120977233296168 0.25281193704720867 5e-09
134.8125 -14.9375 45919 3729 91329 10 0 0.2293673795375828 1.9120977233296168 0.25281193704720867 5e-09
134.8125 -14.9375 45919 3729 91329 10 0 0.2293673795375828 1.9120977233296168 0.25281193704720867 5e-09
134.8125 -14.9375 45919 3729 91329 10 0 0.2293673795375828 1.9120977233296168 0.25281193704720867 5e-09
134.8125 -14.9375 45919 3729 91329 10 0 0.2293673795375828 1.9120977233296168 0.25281193704720867 5e-09
134.8125 -14.9375 45919 3729 91329 10 0 0.2293673795375828 1.9120977233296168 0.25281193704720867 5e-09
134.8125 -14.9375 45919 3729 91329 10 0 0.2293673795375828 1.9120977233296168 0.25281193704720867 5e-09
134.8125 -14.9375 45919 3729 91329 10 0 0.2293673795375828 1.9120977233296168 0.25281193704720867 5e-09
133.97916666666669 -15.8125 24601 3826 36214 10 0 0.38546365327394577 3.468408008279547 0.19680273296625878 5e-09
133.97916666666669 -15.8125 24601 3826 36214 10 0 0.38546365327394577 3.468408008279547 0.19680273296625878 5e-09
133.97916666666669 -15.8125 24601 3826 36214 10 0 0.38546365327394577 3.468408008279547 0.19680273296625878 5e-09
133.97916666666669 -15.8125 24601 3826 36214 10 0 0.38546365327394577 3.468408008279547 0.19680273296625878 5e-09
133.97916666666669 -15.8125 24601 3826 36214 10 0 0.38546365327394577 3.468408008279547 0.19680273296625878 5e-09
133.97916666666669 -15.8125 24601 3826 36214 10 0 0.38546365327394577 3.468408008279547 0.19680273296625878 5e-09
133.97916666666669 -15.8125 24601 3826 36214 10 0 0.38546365327394577 3.468408008279547 0.19680273296625878 5e-09
133.97916666666669 -15.8125 24601 3826 36214 10 0 0.38546365327394577 3.468408008279547 0.19680273296625878 5e-09
133.97916666666669 -15.8125 24601 3826 36214 10 0 0.38546365327394577 3.468408008279547 0.19680273296625878 5e-09
133.97916666666669 -15.8125 24601 3826 36214 10 0 0.38546365327394577 3.468408008279547 0.19680273296625878 5e-09
128.89583333333334 -16.437499999999996 98597 4139 16574 10 0 0.2590652198465456 3.3357212397313556 0.49448623537712694 5e-09
128.89583333333334 -16.437499999999996 98597 4139 16574 10 0 0.2590652198465456 3.3357212397313556 0.49448623537712694 5e-09
128.89583333333334 -16.437499999999996 98597 4139 16574 10 0 0.2590652198465456 3.3357212397313556 0.49448623537712694 5e-09
128.89583333333334 -16.437499999999996 98597 4139 16574 10 0 0.2590652198465456 3.3357212397313556 0.49448623537712694 5e-09
128.89583333333334 -16.437499999999996 98597 4139 16574 10 0 0.2590652198465456 3.3357212397313556 0.49448623537712694 5e-09
128.89583333333334 -16.437499999999996 98597 4139 16574 10 0 0.2590652198465456 3.3357212397313556 0.49448623537712694 5e-09
128.89583333333334 -16.437499999999996 98597 4139 16574 10 0 0.2590652198465456 3.3357212397313556 0.49448623537712694 5e-09
128.89583333333334 -16.437499999999996 98597 4139 16574 10 0 0.2590652198465456 3.3357212397313556 0.49448623537712694 5e-09
128.89583333333334 -16.437499999999996 98597 4139 16574 10 0 0.2590652198465456 3.3357212397313556 0.49448623537712694 5e-09
128.89583333333334 -16.437499999999996 98597 4139 16574 10 0 0.2590652198465456 3.3357212397313556 0.49448623537712694 5e-09
135.6875 -15.979166666666666 17402 4944 41527 10 0 0.1386255979457288 4.979318364416099 0.042436992064102785 5e-09
135.6875 -15.979166666666666 17402 4944 41527 10 0 0.1386255979457288 4.979318364416099 0.042436992064102785 5e-09
135.6875 -15.979166666666666 17402 4944 41527 10 0 0.1386255979457288 4.979318364416099 0.042436992064102785 5e-09
135.6875 -15.979166666666666 17402 4944 41527 10 0 0.1386255979457288 4.979318364416099 0.042436992064102785 5e-09
135.6875 -15.979166666666666 17402 4944 41527 10 0 0.1386255979457288 4.979318364416099 0.042436992064102785 5e-09
135.6875 -15.979166666666666 17402 4944 41527 10 0 0.1386255979457288 4.979318364416099 0.042436992064102785 5e-09
135.6875 -15.979166666666666 17402 4944 41527 10 0 0.1386255979457288 4.979318364416099 0.042436992064102785 5e-09
135.6875 -15.979166666666666 17402 4944 41527 10 0 0.1386255979457288 4.979318364416099 0.042436992064102785 5e-09
135.6875 -15.979166666666666 17402 4944 41527 10 0 0.1386255979457288 4.979318364416099 0.042436992064102785 5e-09
135.6875 -15.979166666666666 17402 4944 41527 10 0 0.1386255979457288 4.979318364416099 0.042436992064102785 5e-09
136.64583333333334 -16.437499999999996 25060 4517 34010 10 0 0.13896254069237093 4.648573594582836 0.19296872216000227 5e-09
136.64583333333334 -16.437499999999996 25060 4517 34010 10 0 0.13896254069237093 4.648573594582836 0.19296872216000227 5e-09
136.64583333333334 -16.437499999999996 25060 4517 34010 10 0 0.13896254069237093 4.648573594582836 0.19296872216000227 5e-09
136.64583333333334 -16.437499999999996 25060 4517 34010 10 0 0.13896254069237093 4.648573594582836 0.19296872216000227 5e-09
136.64583333333334 -16.437499999999996 25060 4517 34010 10 0 0.13896254069237093 4.648573594582836 0.19296872216000227 5e-09
136.64583333333334 -16.437499999999996 25060 4517 34010 10 0 0.13896254069237093 4.648573594582836 0.19296872216000227 5e-09
136.64583333333334 -16.437499999999996 25060 4517 34010 10 0 0.13896254069237093 4.648573594582836 0.19296872216000227 5e-09
136.64583333333334 -16.437499999999996 25060 4517 34010 10 0 0.13896254069237093 4.648573594582836 0.19296872216000227 5e-09
136.64583333333334 -16.437499999999996 25060 4517 34010 10 0 0.13896254069237093 4.648573594582836 0.19296872216000227 5e-09
136.64583333333334 -16.437499999999996 25060 4517 34010 10 0 0.13896254069237093 4.648573594582836 0.19296872216000227 5e-09
131.22916666666669 -14.979166666666666 32724 3594 32576 10 0 0.23607994566216317 4.89012510109259 0.4240666838101205 5e-09
131.22916666666669 -14.979166666666666 32724 3594 32576 10 0 0.23607994566216317 4.89012510109259 0.4240666838101205 5e-09
131.22916666666669 -14.979166666666666 32724 3594 32576 10 0 0.23607994566216317 4.89012510109259 0.4240666838101205 5e-09
131.22916666666669 -14.979166666666666 32724 3594 32576 10 0 0.23607994566216317 4.89012510109259 0.4240666838101205 5e-09
131.22916666666669 -14.979166666666666 32724 3594 32576 10 0 0.23607994566216317 4.89012510109259 0.4240666838101205 5e-09
131.22916666666669 -14.979166666666666 32724 3594 32576 10 0 0.23607994566216317 4.89012510109259 0.4240666838101205 5e-09
131.22916666666669 -14.979166666666666 32724 3594 32576 10 0 0.23607994566216317 4.89012510109259 0.4240666838101205 5e-09
131.22916666666669 -14.979166666666666 32724 3594 32576 10 0 0.23607994566216317 4.89012510109259 0.4240666838101205 5e-09
131.22916666666669 -14.979166666666666 32724 3594 32576 10 0 0.23607994566216317 4.89012510109259 0.4240666838101205 5e-09
131.22916666666669 -14.979166666666666 32724 3594 32576 10 0 0.23607994566216317 4.89012510109259 0.4240666838101205 5e-09
