K_1	K_2	K_3	K_4	K_5	K_6	K_7	tot_K	S_1	S_2	S_3	S_4	S_5	S_6	S_7	prS_1	prS_2	prS_3	prS_4	prS_5	prS_6	prS_7	tot_S	D_1	D_2	D_3	D_4	D_5	D_6	D_7	Pi_1	Pi_2	Pi_3	Pi_4	Pi_5	Pi_6	Pi_7	
5	26	3	2	5	3	3	47	793	662	132	96	180	46	42	170	106	4	5	9	4	4	985	1.87166	-1.81156	0	0	-0.944156	0	0	473.8	94.7938	90	96	75.7	30.6667	28	
3	5	3	26	3	5	2	47	62	287	145	796	75	730	687	1	3	4	60	1	28	17	1018	0	-0.57973	0	-1.28364	0	1.90514	0	41.6667	127.3	99	141.597	50.6667	437.7	687	
3	3	5	2	3	26	5	47	16	72	417	31	44	607	119	4	15	55	11	10	197	28	755	0	0	-0.9643	0	0	-0.716483	-0.508823	11	48.3333	174.9	31	29.6667	130.523	53.3	
5	5	3	3	2	3	26	47	252	133	69	65	44	78	450	97	37	8	16	12	11	231	698	0.936395	-0.46986	0	0	0	0	-1.94131	135.8	59.9	46	44.6667	44	52.3333	60.5046	
5	3	5	3	26	2	3	47	55	56	219	28	326	34	19	28	23	120	8	204	18	7	560	-1.17346	0	1.0001	0	-2.16645	0	0	22.3	37.3333	118.9	18.6667	38.9108	34	12.6667	
5	2	5	3	3	3	26	47	892	131	241	57	121	170	764	123	2	2	0	5	6	52	1018	1.70125	0	-0.4077	0	0	0	-1.39702	523.4	131	109.5	38	80.6667	115	130.215	
3	26	5	3	3	2	5	47	22	352	217	60	14	30	83	10	221	113	27	5	16	38	589	0	-2.15725	1.12355	0	0	0	-0.617153	14.6667	42.2554	119.5	40	9.33333	30	36.6	
5	3	26	3	5	3	2	47	247	62	808	190	469	67	114	16	6	202	9	59	6	9	966	0.047636	0	-1.29054	0	1.24864	0	0	119.3	41.3333	143.369	130.333	261.9	44.6667	114	
3	3	3	5	26	2	5	47	26	22	71	749	361	44	93	5	1	9	405	88	8	7	896	0	0	0	1.86069	-2.08538	0	-0.738468	17.3333	15	47.3333	447	45.0523	44	40.3	
3	3	2	3	5	26	5	47	43	136	84	34	206	698	836	2	3	2	1	10	77	171	995	0	0	0	0	-0.646438	-1.75361	1.95576	28.6667	91.6667	84	22.6667	90.5	102.618	503.9	
5	26	2	5	3	3	3	47	161	311	29	100	17	44	13	94	215	18	47	4	13	9	524	1.06692	-2.16568	0	-0.474983	0	0	0	88.1	37.12	29	45	11.3333	30	8.66667	
3	26	2	3	5	5	3	47	21	135	14	8	41	43	6	15	111	10	6	29	32	5	237	0	-2.16892	0	0	-0.642226	-0.0145914	0	14	15.8862	14	5.33333	18	20.6	4	
3	3	5	5	26	2	3	47	73	207	291	796	841	127	73	0	3	10	91	95	3	1	1022	0	0	-0.310489	1.92185	-1.35794	0	0	49.6667	141.333	134	478.1	145.517	127	49	
26	3	5	2	3	3	5	47	663	125	162	56	32	29	338	255	21	37	12	13	7	37	813	-1.06844	0	-0.878079	0	0	0	1.08092	127.265	85.3333	68.8	56	21.3333	19.3333	185.2	
3	5	3	5	3	2	26	47	52	541	36	218	173	75	725	3	96	3	13	13	6	200	940	0	1.49303	0	-0.753871	0	0	-1.50435	35	310.4	24.3333	94.3	116.333	75	118.452	
5	26	2	3	3	3	5	47	210	680	67	46	39	156	962	2	32	1	0	1	2	214	1028	-0.930818	-1.6955	0	0	0	0	2.6774	88.5	102.557	67	30.6667	26	106.667	623.4	
3	5	3	2	26	3	5	47	27	412	33	40	503	117	163	3	144	12	8	208	23	38	805	0	1.31522	0	0	-2.02801	0	-0.695445	18	231.8	22	40	64.8031	78.3333	71.1	
2	26	5	3	3	3	5	47	88	659	245	164	48	49	275	19	254	41	21	7	8	55	869	0	-1.60939	-0.103835	0	0	0	-0.676678	88	103.105	116	110.667	32.3333	32.6667	120.3	
5	26	3	2	3	3	5	47	35	126	5	19	4	17	28	25	111	3	15	4	13	22	212	-0.625118	-2.34707	0	0	0	0	-1.02194	15.4	13.3077	3.33333	19	2.66667	11.6667	11.6	
3	5	2	3	5	26	3	47	214	302	103	74	843	798	67	6	10	2	2	95	71	1	1019	0	-0.687965	0	0	2.08204	-1.28862	0	145.333	131.9	103	49.6667	514.8	141.692	45.6667	
5	26	5	2	3	3	3	47	273	607	165	65	110	49	30	67	287	38	19	22	10	6	819	0.720073	-2.07124	-0.875655	0	0	0	0	143.4	76.5477	70.1	65	74.3333	32.6667	20	
3	5	3	5	2	26	3	47	180	792	74	270	129	938	89	1	33	1	4	0	104	2	1028	0	-0.188287	0	-0.612601	0	0.431362	0	122.667	370.8	50	119.2	129	272.329	59.6667	
3	3	5	2	3	26	5	47	23	100	401	61	23	514	154	7	22	142	13	3	210	33	805	0	0	1.24723	0	0	-2.00148	-0.692612	15.3333	67.6667	223.9	61	15.3333	67.1231	67.2	
26	2	3	5	5	3	3	47	485	47	86	133	780	26	30	86	3	3	9	325	4	9	938	-2.00884	0	0	-0.756069	-0.735311	0	0	63.0831	47	57.6667	57.5	338.4	17.3333	20	
5	26	3	2	5	3	3	47	152	550	32	62	527	38	100	24	177	3	12	175	9	10	865	-0.872926	-1.86196	0	0	1.81427	0	0	64.6	76.8862	21.3333	62	313	25.3333	66.6667	
5	5	3	3	26	3	2	47	245	455	65	157	745	65	93	21	75	7	18	220	7	8	955	-0.64248	1.24921	0	0	-1.55587	0	0	107.7	254.1	44.3333	106.667	119.209	43.3333	93	
3	5	5	3	2	26	3	47	19	459	97	51	40	418	19	5	230	23	11	14	180	8	765	0	1.65736	-1.08684	0	0	-2.12348	0	12.6667	268.1	39.9	34	40	51.1723	12.6667	
5	26	5	3	3	3	2	47	23	103	23	7	10	21	14	16	91	22	6	6	14	11	182	-1.10302	-2.24898	-0.699475	0	0	0	0	9.4	11.4862	10	4.66667	6.66667	14	14	
5	3	3	2	3	5	26	47	534	116	35	69	36	170	542	164	16	2	11	7	35	160	869	1.5919	0	0	0	0	-0.541764	-1.92827	309.7	78	23.3333	69	24	75.8	73.4031	
5	5	26	3	2	3	3	47	90	423	345	19	39	42	8	26	225	164	4	16	17	1	690	-0.931639	1.81247	-2.1362	0	0	0	0	37.9	251.2	41.8862	12.6667	39	28.6667	5.33333	
3	3	26	5	5	2	3	47	137	806	1019	976	826	100	119	0	0	8	1	2	0	0	1041	0	0	3.02241	1.6689	-0.549345	0	0	93	549.667	468.852	570.7	368	100	80	
3	2	3	26	5	5	3	47	731	35	54	1009	859	754	41	0	2	3	119	0	1	0	1021	0	0	0	4.01422	2.28108	-0.999822	0	493	35	36.3333	529.834	535.3	314.6	27.3333	
3	5	5	2	26	3	3	47	241	1022	846	147	1040	729	232	0	0	0	0	1	0	0	1041	0	3.30461	0.0474597	0	4.06272	0	0	163.667	702.5	408.6	147	549.397	507	158	
5	3	3	3	2	26	5	47	993	226	974	180	128	1041	971	0	0	0	0	0	0	0	1041	1.77579	0	0	0	0	5.22114	2.47011	587.3	153.667	780.667	123	128	628.942	616.6	
3	3	5	26	5	2	3	47	157	719	758	1041	962	116	204	0	0	0	11	0	0	0	1041	0	0	-0.255153	5.0937	1.63055	0	0	105.333	497.667	351.7	620.249	560.2	116	137.667	
5	3	26	2	3	5	3	47	995	290	1040	186	835	428	241	0	0	6	0	0	0	0	1041	3.09089	0	4.38948	0	0	-0.246978	0	670.6	199	571.665	186	586.333	198.8	164.667	
2	3	3	3	5	5	26	47	170	249	249	243	842	636	1038	0	0	0	0	0	0	29	1041	0	0	0	0	-0.0635799	-0.0170304	4.11017	170	171.333	173.333	170.667	400.8	304.6	551.569	
5	3	26	3	5	3	2	47	971	127	1026	112	823	109	755	0	1	12	0	1	0	1	1039	2.65391	0	3.9984	0	-0.600905	0	0	627.8	86	537.686	75.3333	364	73.6667	755	
2	3	5	26	5	3	3	47	54	438	829	1010	496	109	94	0	1	14	67	2	2	0	1038	0	0	-0.649989	2.93103	1.32973	0	0	54	299.333	364.1	458.668	279.5	73	63.3333	
3	5	26	3	2	5	3	47	825	847	1028	132	114	995	150	0	0	2	0	0	0	0	1041	0	-0.401803	2.20919	0	0	2.7802	0	566.333	385.2	418.209	89.6667	114	651.2	102.667	
3	3	5	26	2	3	5	47	282	326	897	1041	219	292	483	0	0	0	22	0	0	0	1041	0	0	0.492753	5.05554	0	0	0.0712072	193.333	224	458.3	617.646	219	204	234	
3	5	2	3	5	26	3	47	130	236	78	128	992	1041	820	0	0	0	0	0	25	0	1041	0	-0.793552	0	0	2.8535	4.06495	0	87	101.5	78	85.6667	653.8	550.077	565	
3	5	26	3	3	2	5	47	54	900	1028	70	72	39	997	0	2	11	0	0	1	2	1039	0	0.554139	3.31117	0	0	0	2.97346	36.3333	463.3	492.44	46.6667	48.3333	39	664.6	
3	26	5	5	3	3	2	47	131	1034	988	948	810	120	99	1	3	1	0	0	0	0	1041	0	4.76244	2.6815	2.5895	0	0	0	89.3333	593.64	640.5	609.1	619.333	81.6667	99	
5	3	3	5	2	3	26	47	910	128	158	853	91	116	1038	1	0	0	0	0	0	11	1040	0.880738	0	0	-0.491999	0	0	3.51515	487.1	86	107	383.1	91	77.6667	511.098	
2	3	5	26	3	3	5	47	16	21	741	956	781	24	938	1	1	1	31	8	1	21	1007	0	0	-1.13903	3.50932	0	0	2.6018	16	14	302.7	470.403	560	16	603.4	
5	5	3	3	2	26	3	47	22	510	11	549	4	639	15	5	78	1	4	1	78	3	836	-0.884776	0.434006	0	0	0	2.86927	0	9.3	258.7	7.33333	366.333	4	287.772	10	
3	3	5	3	26	5	2	47	114	569	973	118	1037	754	93	0	0	1	0	22	2	0	1040	0	0	2.87184	0	3.70591	1.90541	0	76.6667	389.333	642.4	79.3333	523.569	452.1	93	
3	5	2	5	3	3	26	47	123	568	15	139	18	25	708	9	67	4	11	5	6	166	820	0	-1.24606	0	-1.20067	0	0	2.45973	82.3333	228.2	15	56.2	12	16.6667	299.775	
3	3	2	5	26	3	5	47	243	841	173	392	1040	242	855	0	0	0	0	11	0	0	1041	0	0	0	-0.518122	4.34487	0	0.0913121	166	587	173	175.4	568.625	166.333	415.3	
26	2	5	3	5	3	3	47	1041	767	1016	244	995	239	834	5	0	0	0	0	0	0	1041	4.80032	0	3.4477	0	1.92981	0	0	600.237	767	707.5	168	598.1	166	592	
26	3	3	5	2	5	3	47	1039	219	207	878	163	861	978	5	0	0	0	0	0	0	1041	5.04782	0	0	1.94467	0	2.11368	0	615.935	148.333	140	528.6	163	527.5	779	
5	26	3	3	5	2	3	47	1012	1027	842	94	867	66	99	1	4	0	0	1	0	0	1041	3.02704	2.67017	0	0	1.13278	0	0	678	448.825	580	63.3333	477.8	66	67	
5	5	2	3	26	3	3	47	1005	899	182	826	1038	303	268	1	0	0	0	2	0	0	1041	2.99357	2.27361	0	0	4.2477	0	0	671.2	559.8	182	594.667	560.923	207.667	184.667	
3	5	26	3	2	3	5	47	46	812	1036	45	22	732	1008	0	0	15	0	0	1	1	1039	0	-0.211123	3.65306	0	0	0	3.05675	30.6667	379	519.477	30	22	492.667	677.2	
5	3	3	2	5	26	3	47	466	837	305	221	1010	1041	293	0	0	0	0	0	2	0	1041	-0.187235	0	0	0	3.18859	4.96415	0	218.2	589	210.333	221	686.9	611.412	201.667	
3	5	26	2	3	5	3	47	804	989	1041	145	192	989	204	0	0	3	0	0	0	0	1041	0	1.83484	4.53819	0	0	2.84668	0	560.667	588.6	582.357	145	132	651.4	141	
2	3	26	5	3	5	3	47	659	212	1040	365	208	868	814	0	0	23	0	0	0	0	1041	0	0	5.48966	-0.440389	0	2.09555	0	659	145	646.637	165.1	140.667	530.8	572.667	
26	3	3	5	2	3	5	47	1029	66	62	537	40	72	963	25	0	1	0	0	0	6	1037	3.35742	0	0	1.73308	0	0	1.49682	496.037	44.3333	41.6667	316.2	40	48.6667	552.7	
3	2	3	3	5	26	5	47	115	16	41	30	750	988	472	1	0	3	0	22	129	1	1021	0	0	0	0	1.92873	2.13102	1.62055	77	16	27.3333	20	450.8	396.889	274.6	
3	5	2	26	5	3	3	47	107	240	80	948	220	142	122	4	10	5	343	11	2	5	1004	0	-0.847935	0	0.403168	-0.671903	0	0	72.6667	102.4	80	273.48	96.3	96	81.6667	
3	2	5	3	26	5	3	47	194	135	348	192	1001	373	255	1	1	3	2	185	5	1	1030	0	0	-0.587154	0	0.387694	-0.509474	0	131	135	154.2	130.333	287.751	167.1	175.333	
3	2	3	3	5	26	5	47	139	70	105	96	215	707	215	16	9	15	16	38	284	34	896	0	0	0	0	-0.805752	-1.98729	-0.953596	94.3333	70	71	64.6667	92.3	93.1077	90.3	
3	5	5	3	2	26	3	47	247	429	378	191	152	1018	196	2	6	0	0	0	166	2	1038	0	-0.24195	-0.532222	0	0	0.571786	0	169.667	199.4	168.8	130	152	304.917	133.667	
5	2	5	3	3	3	26	47	503	206	464	307	244	262	985	2	1	5	2	1	2	101	1036	-0.403315	0	-0.251179	0	0	0	-0.545839	228.7	206	215.4	213.667	170	179.333	222.892	
3	5	3	2	5	26	3	47	42	72	45	38	67	333	41	20	33	25	20	41	252	23	520	0	-0.254382	0	0	-1.16802	-2.45113	0	28.3333	33.4	30	38	27.2	33.5108	27.3333	
26	3	5	3	3	2	5	47	1030	252	414	313	240	176	473	112	0	2	0	0	0	1	1039	0.92721	0	-0.112277	0	0	0	-0.240348	332.498	173.333	195.8	217	165.333	176	219.9	
2	3	3	5	5	3	26	47	120	185	165	325	309	160	1029	0	0	0	1	1	0	257	1036	0	0	0	-0.641344	-0.577681	0	3.06117	120	124	111.333	142.9	137.1	109.667	476.062	
26	3	3	2	5	5	3	47	1013	232	202	165	383	386	190	177	0	0	2	5	2	0	1040	2.86195	0	0	0	-0.363213	-0.452762	0	455.443	159	139	165	175.1	174.3	129.667	
26	3	5	2	3	5	3	47	936	88	145	70	128	190	71	457	3	5	5	9	11	4	988	2.30245	0	-0.908294	0	0	-0.802677	0	386.535	58.6667	61.3	70	85.6667	81.6	47.3333	
26	3	2	5	3	3	5	47	1031	187	122	337	236	173	316	231	1	2	3	0	0	0	1040	2.3664	0	0	-0.578892	0	0	-0.52262	430.049	129.333	122	149.5	160.667	117.667	141.3	
3	3	5	3	26	2	5	47	326	280	474	291	997	203	526	0	1	1	1	83	2	5	1036	0	0	-0.188783	0	-0.301506	0	-0.274897	224.333	192	221.9	197.667	241.572	203	243.4	
26	3	5	5	3	3	2	47	1031	258	490	488	253	246	173	125	0	2	1	0	1	0	1040	2.6808	0	-0.464693	-0.392853	0	0	0	451.289	173	220.9	222.2	171.333	169	173	
26	3	3	3	5	5	2	47	793	115	148	139	265	240	83	288	13	15	8	29	20	10	951	-1.78732	0	0	0	-0.666137	-0.748568	0	114.871	78.3333	100.333	94.6667	116.1	103.9	83	
2	5	26	3	3	5	3	47	178	404	1022	230	218	445	300	2	3	132	1	0	3	1	1041	0	-0.355399	1.26596	0	0	-0.336302	0	178	184.9	352.603	159.667	149.333	204.2	205.667	
3	3	3	5	5	26	2	47	86	54	60	121	115	888	42	4	5	5	17	10	551	3	942	0	0	0	-1.04547	-1.03353	0.901155	0	58	36.3333	40	50.1	47.7	285.163	42	
3	2	26	5	3	5	3	47	167	83	970	255	137	223	126	0	4	342	7	6	7	4	1016	0	0	0.137917	-0.816905	0	-0.124025	0	115	83	262.963	109.3	92.3333	105.3	85	
5	3	26	5	3	3	2	47	223	115	960	213	99	146	92	8	4	371	12	2	6	1	1006	-0.858197	0	0.535172	-0.808815	0	0	0	95	78	285.246	91.4	66.3333	99.6667	92	
3	5	3	3	2	26	5	47	100	135	64	80	58	927	162	5	7	4	9	6	495	14	978	0	-0.857723	0	0	0	1.8023	-1.18188	67.3333	57.5	43	53.3333	58	352.434	65.7	
3	3	26	2	3	5	5	47	173	210	1030	143	193	311	329	1	1	224	0	0	0	3	1041	0	0	1.45167	0	0	-0.433806	-0.537804	117.667	144.333	367.895	143	131	140.8	146.8	
3	26	5	2	5	3	3	47	285	957	411	162	428	244	220	3	125	6	1	7	4	2	1026	0	-0.764292	-0.409777	0	-0.306491	0	0	195.667	202.852	186.7	162	197.2	167	151	
3	5	26	3	3	5	2	47	47	101	422	52	67	109	39	21	43	284	21	30	50	15	636	0	-1.12562	-2.46293	0	0	-1.2383	0	31.3333	41.3	42.2462	35	45.3333	43.8	39	
2	5	3	3	5	3	26	47	115	331	173	208	353	226	1000	1	4	1	4	2	2	208	1028	0	-0.54706	0	0	-0.714101	0	3.10567	115	147.5	117.667	140.667	153.6	155.333	465.575	
5	3	2	26	5	3	3	47	77	55	28	358	91	37	46	37	29	11	260	49	15	25	553	-1.14083	0	0	-2.51228	-1.1788	0	0	31.4	36.6667	28	34.6154	36.9	24.6667	30.6667	
26	3	3	3	5	2	5	47	1003	150	157	168	315	96	296	275	2	1	4	1	2	6	1030	2.07248	0	0	0	-0.641455	0	-0.697577	399.062	101.667	106	114.333	138.5	96	129.1	
2	3	5	3	5	26	3	47	126	159	286	208	333	1027	138	0	0	2	0	5	261	0	1039	0	0	-0.738592	0	-0.742562	1.69084	0	126	107.667	124	141.333	144.3	382.92	94	
5	3	26	3	2	5	3	47	206	162	719	128	79	247	122	32	25	255	17	8	27	19	914	-0.66958	0	-1.86825	0	0	-0.79565	0	90.2	109	100.308	86.3333	79	106.2	82.6667	
26	2	3	5	3	3	5	47	251	18	34	45	23	28	53	209	14	19	25	17	21	40	396	-2.31173	0	0	-1.25577	0	0	-0.991537	27.4708	18	22.6667	18	15.6667	18.6667	22.1	
3	3	5	3	2	5	26	47	241	322	405	229	197	442	1025	2	1	0	0	0	0	132	1037	0	0	0.0943298	0	0	-0.301121	2.59503	165.333	222.667	196.8	157.667	197	203.8	442.905	
2	3	3	5	26	5	3	47	100	143	159	283	989	259	178	2	3	3	8	292	3	2	1026	0	0	0	-0.71043	2.96969	-0.811691	0	100	97.3333	109	123.2	451.646	111.1	121.667	
5	2	3	3	3	26	5	47	847	134	93	120	199	997	815	0	1	1	1	0	23	13	1038	-0.238147	0	0	0	0	-0.235197	-0.103609	393.9	134	63	81.6667	135.667	245.905	385.9	
3	5	26	3	5	2	3	47	115	858	864	171	309	136	185	3	67	67	0	1	3	6	1034	0	-0.192014	-1.33639	0	-0.423221	0	0	79	401.5	150.723	117.333	140.1	136	126.333	
3	26	2	3	5	3	5	47	77	716	99	801	836	123	821	0	21	0	1	1	1	24	1034	0	-1.60034	0	0	2.05868	0	2.03027	52	112.471	99	547.333	509.3	82.3333	498.7	
2	5	3	3	26	3	5	47	75	614	798	79	657	69	215	2	31	73	2	33	3	10	1009	0	1.84648	0	0	-1.79397	0	-0.909243	75	365.9	550.667	53.3333	94.8338	46.3333	90.9	
2	3	5	3	3	5	26	47	121	62	825	83	802	208	934	1	0	39	1	3	6	12	1030	0	0	2.04709	0	0	-0.835831	-1.44126	121	41.3333	502	55.6667	545.667	88.9	156.532	
26	3	2	3	5	5	3	47	912	132	164	252	393	855	130	57	2	0	1	3	35	2	1035	-0.952066	0	0	0	0.0105305	2.03682	0	182.083	89.3333	164	172.333	188.9	519.7	87.6667	
5	3	2	26	3	5	3	47	51	15	22	208	30	795	13	6	2	3	44	3	566	3	866	-0.85721	0	0	-2.54535	0	-1.13428	0	21.7	10	22	19.4862	20.3333	325	8.66667	
26	2	3	5	3	5	3	47	577	67	51	787	98	175	51	85	8	2	246	9	7	5	975	-1.89806	0	0	-0.774528	0	-0.526348	0	79.3077	67	34	339.5	66.3333	78.2	34.3333	
26	3	2	5	3	5	3	47	874	210	146	857	115	831	100	25	2	0	13	0	9	1	1035	-1.32467	0	0	1.99749	0	2.07489	0	153.142	143.667	146	518.8	78	507.1	67	
26	3	5	3	3	2	5	47	830	19	781	38	46	29	783	38	0	36	0	0	0	37	1025	-2.43203	0	1.91385	0	0	0	-1.02631	85.16	12.6667	468.7	25.3333	30.6667	29	325.4	
2	3	26	3	3	5	5	47	40	18	303	42	20	665	67	15	1	98	6	3	402	13	819	0	0	-2.32157	0	0	1.82048	-0.885433	40	12	33.0431	28	13.6667	395.2	28.4	
26	3	3	3	2	5	5	47	536	40	791	41	55	157	817	81	3	10	4	3	15	17	973	-2.13489	0	0	0	0	-1.00702	2.01134	65.3138	26.6667	536	27.3333	55	65.4	495.3	
5	2	26	3	5	3	3	47	332	124	992	823	869	121	142	2	3	52	0	7	0	2	1027	-0.501322	0	0.0511984	0	-0.0682067	0	0	148.9	124	263.289	581	413.4	81.6667	95.6667	
3	26	3	5	2	3	5	47	88	826	84	847	117	164	355	1	64	1	79	5	1	6	1022	0	-1.41829	0	2.09818	0	0	-0.511047	59.6667	139.649	56	518.1	117	111.667	159	
5	5	3	2	3	26	3	47	174	123	51	68	53	585	103	49	32	13	17	13	336	24	776	-0.841501	-1.04919	0	0	0	-2.10355	0	74.3	50.9	34	68	35.3333	72.52	68.6667	
26	3	5	3	2	3	5	47	976	157	264	118	126	87	828	76	4	7	2	1	1	7	1016	-1.13416	0	-0.477093	0	0	0	-0.275934	183.225	105.667	118.8	79.6667	126	58.6667	383.1	
5	3	3	3	26	5	2	47	181	55	70	118	660	219	78	39	8	12	20	310	42	22	850	-1.06006	0	0	0	-1.95015	-0.719958	0	74.8	37.3333	46.6667	79.3333	88.5046	95.2	78	
2	5	26	5	3	3	3	47	85	197	682	189	72	125	63	14	42	316	33	9	20	12	863	0	-1.01299	-1.8378	-0.892642	0	0	0	85	82	96.4923	80.1	48.3333	84	42.3333	
26	5	3	5	3	2	3	47	996	864	131	863	113	160	842	16	0	0	17	0	0	0	1039	1.74014	2.08348	0	2.18522	0	0	0	374.588	527.7	88	532.6	77	160	593	
3	5	26	3	2	3	5	38	1	360	39	3	3	3	11	1	339	25	2	1	1	8	398	-0.816497	1.88323	-2.49285	0	0	0	-0.381676	0.4	215.4	2.5784	2	3	2	5	
3	5	2	3	26	3	5	47	57	816	45	800	875	48	97	2	10	5	6	58	4	13	923	0	1.94898	0	0	2.04787	0	-0.939966	38	491.5	45	541.667	346.766	32	40.8	
2	3	26	5	3	5	3	47	116	143	695	215	71	242	78	19	17	285	38	11	44	14	900	0	0	-1.76827	-0.421356	0	-0.693782	0	116	97	101.508	97.5	47.6667	105.6	52.6667	
26	5	5	3	3	3	2	47	1032	921	578	173	156	816	85	15	3	0	0	0	0	0	1039	1.58831	1.72869	1.55298	0	0	0	0	377.849	542	333.8	116	104.667	567.667	85	
5	3	3	26	3	5	2	47	317	196	81	801	92	264	106	26	12	9	262	12	31	9	960	-0.514952	0	0	-1.44893	0	-0.206017	0	141.9	133.333	54	133.806	62	123.3	106	
26	5	5	3	3	2	3	47	815	752	755	749	34	23	31	41	4	74	3	4	3	2	922	-2.47467	-1.03722	-1.12679	0	0	0	0	81.3354	312	309	503.667	22.6667	23	20.6667	
5	5	2	3	3	3	26	47	851	848	147	113	822	99	988	19	3	1	2	2	1	13	1036	-0.30106	-0.348345	0	0	0	0	-0.372749	392.4	388.5	147	75.6667	567	66.6667	234.778	
5	5	3	3	2	26	3	47	254	821	106	108	126	744	166	6	106	3	3	3	79	4	1007	-0.683635	-0.412963	0	0	0	-1.6642	0	111	372.8	71	73.6667	126	113.763	112.667	
3	5	2	26	3	3	5	47	796	816	80	948	51	78	810	0	50	2	24	0	0	2	1027	0	1.93336	0	-0.234433	0	0	-0.641225	542	490.7	80	233.865	34	52.6667	356.2	
5	5	26	3	3	3	2	47	127	115	520	44	41	97	64	39	44	330	19	12	26	19	714	-0.918941	-0.950847	-2.05805	0	0	0	0	53.6	48.3	65.9785	29.3333	27.3333	65	64	
3	26	2	5	5	3	3	47	185	790	132	266	693	168	157	6	109	6	19	75	5	7	1006	0	-1.63054	0	-0.231975	-0.462955	0	0	127	122.557	132	123.8	312.5	113.333	106	
2	3	3	3	5	5	26	47	20	769	904	977	1016	1024	1041	0	0	0	0	0	0	0	1041	0	0	0	0	3.13402	3.22564	5.41429	20	516	682	775	687.5	698.8	642.117	
3	5	2	3	26	5	3	47	829	969	82	988	1041	1035	805	0	0	0	0	0	0	0	1041	0	2.80508	0	0	7.01421	4.09084	0	569.667	635.7	82	790.333	751.249	762.5	551.667	
3	3	3	26	2	5	5	47	982	224	225	1041	147	1033	998	0	0	0	0	0	0	0	1041	0	0	0	6.90843	0	4.00559	2.84945	795.667	153	154.333	744.034	147	755.5	657.5	
2	5	3	3	3	5	26	47	114	1039	173	799	813	1030	1041	0	0	0	0	0	0	0	1041	0	4.13922	0	0	0	3.68833	6.99608	114	768.6	118.667	553.667	561.667	732.8	750.012	
2	5	3	3	26	3	5	47	16	489	23	918	1041	31	812	0	0	0	0	20	0	0	1041	0	-0.518393	0	0	5.84986	0	2.09239	16	218.8	15.3333	706	671.828	20.6667	496.4	
26	5	2	5	3	3	3	47	1041	1032	98	1025	813	179	970	0	0	0	0	0	0	0	1041	6.7787	3.9057	0	3.36739	0	0	0	735.185	748.3	98	708.6	562	122	783	
5	3	5	3	3	2	26	47	1038	234	1039	922	808	152	1041	0	0	0	0	0	0	0	1041	4.34861	0	4.29566	0	0	0	6.99545	781.5	160	778.8	713.667	563.667	152	749.969	
2	5	5	26	3	3	3	47	21	968	589	1041	765	48	781	0	0	0	1	0	0	0	1041	0	2.64633	1.46507	5.21586	0	0	0	21	625.4	336.9	628.582	515.333	32	526.333	
5	5	3	2	3	26	3	47	1037	1028	210	114	223	1041	986	0	0	0	0	0	0	0	1041	3.82541	3.47166	0	0	0	6.97149	0	746.7	717.4	143.333	114	150	748.335	793.667	
3	5	2	3	5	26	3	47	982	1025	121	179	1033	1041	794	0	0	0	0	0	0	0	1041	0	3.51042	0	0	3.92691	6.66105	0	776.333	717.8	121	123.667	750.4	727.16	546.667	
3	26	3	2	5	3	5	47	793	1041	796	818	1034	963	981	0	0	0	0	0	0	0	1041	0	6.58261	0	0	3.58746	0	1.50609	537.667	721.809	540	818	729.1	760.667	563.6	
2	26	5	3	3	3	5	47	61	1041	1034	807	956	809	1019	0	0	0	0	0	0	0	1041	0	6.61473	4.27326	0	0	0	3.24146	61	724	773.6	547	753.333	548.667	696.4	
5	3	3	26	3	5	2	47	1028	985	808	1041	190	1039	122	0	0	0	0	0	0	0	1041	3.44996	0	0	6.96996	0	4.38615	0	716	787.333	558	748.231	130	784.7	122	
26	3	5	2	5	3	3	47	1041	926	1031	54	980	966	795	0	0	0	0	0	0	0	1041	6.77265	0	3.61551	0	1.86339	0	0	734.772	704	728.8	54	585	774	538.333	
3	2	3	5	26	3	5	47	189	786	168	1028	1041	981	1014	0	0	0	0	0	0	0	1041	0	0	0	3.42671	6.92607	0	2.9667	129.667	786	112.667	714.5	745.237	785	675.5	
26	3	5	5	3	2	3	47	1037	782	998	844	782	8	451	4	0	2	1	0	0	0	1040	5.08734	0	2.83827	1.84776	0	0	0	617.437	522.667	656.8	503	522.667	8	319	
5	2	26	3	5	3	3	47	1035	119	1041	983	1019	799	956	0	0	0	0	0	0	0	1041	4.49423	0	7.16099	0	3.0882	0	0	788.7	119	761.262	773	686.6	554.333	754.333	
5	26	5	3	3	2	3	47	962	1041	1015	41	968	20	767	0	1	0	0	0	0	0	1041	2.55648	5.26286	3.27495	0	0	0	0	616.1	631.788	695.8	27.3333	771	20	518.333	
2	3	26	3	5	5	3	47	123	807	1041	879	1028	1032	969	0	0	0	0	0	0	0	1041	0	0	7.02188	0	3.9336	3.71114	0	123	559.667	751.772	643	747.2	735.7	777.667	
3	26	2	5	5	3	3	47	758	1041	35	1015	960	958	763	0	3	0	0	0	0	0	1041	0	5.76619	0	3.43194	2.51798	0	0	512	666.12	35	705.8	612.5	755	513.667	
2	5	26	5	3	3	3	47	81	1035	1041	1040	797	960	140	0	0	0	0	0	0	0	1041	0	4.23711	6.96022	4.23974	0	0	0	81	772	747.566	775.9	545	766	95.3333	
5	3	5	3	2	26	3	47	1028	808	979	969	78	1041	789	0	0	0	0	0	0	0	1041	3.48406	0	2.57299	0	0	7.00528	0	718.2	553	628	780	78	750.64	545	
2	3	5	3	3	26	5	47	127	182	1030	936	783	1041	1032	0	0	0	0	0	0	0	1041	0	0	3.80591	0	0	6.97289	4.36121	127	125	740.4	717.333	541.667	748.431	777.8	
5	3	3	26	3	5	2	47	1025	796	82	1041	789	1033	21	0	0	0	0	0	0	0	1041	3.87265	0	0	6.51977	0	3.6153	0	741.1	534.667	54.6667	717.523	529	730.2	21	
26	5	3	3	2	3	5	47	1041	1024	812	823	105	805	1039	0	0	0	0	0	0	0	1041	7.14214	3.55711	0	0	0	0	4.35854	759.975	720.1	562.667	571	105	557.667	782.9	
5	3	26	5	3	3	2	47	931	769	1041	1017	909	771	35	0	0	0	0	0	0	0	1041	2.58643	0	5.44979	3.26287	0	0	0	598	521	644.538	696.4	692.667	522	35	
3	5	2	3	5	3	26	47	808	1016	793	793	1030	989	1041	0	0	0	0	0	0	0	1041	0	3.32223	0	0	4.04107	0	6.99648	556	699.5	793	540.333	755.6	784.667	750.04	
26	5	3	5	3	3	2	47	1041	911	970	1004	950	43	21	0	0	0	0	0	0	0	1041	5.83326	0.51632	0	2.62007	0	0	0	670.695	466.8	771.667	647	746.333	29	21	
3	3	3	5	2	26	5	47	973	107	109	1035	76	1041	1014	0	0	0	0	0	0	0	1041	0	0	0	4.28792	0	5.74232	2.94941	772	72.3333	74.3333	775.3	76	664.492	674.4	
5	5	3	3	2	26	3	47	1005	944	877	10	8	1039	632	0	0	0	0	0	5	0	1041	2.90319	2.65819	0	0	0	5.3312	0	665.5	610.6	647.667	6.66667	8	635.228	422.667	
3	3	26	5	5	3	2	47	346	538	968	18	25	14	6	4	19	314	1	0	2	1	999	0	0	1.70289	-0.886543	-1.24046	0	0	231.667	370	361.702	7.6	10	9.33333	6	
3	5	3	26	2	3	5	47	248	884	836	1041	155	267	876	0	0	0	18	0	0	0	1041	0	2.09947	0	6.41088	0	0	0.0494734	172.333	540.8	586.667	710.095	155	183.667	423.2	
3	3	2	5	26	5	3	47	15	374	8	377	1030	27	768	0	0	1	0	164	0	7	1038	0	0	0	-1.13819	4.31792	-1.12788	0	10	249.667	8	154	561.345	11	514.333	
3	3	2	5	26	5	3	47	284	831	143	431	1041	427	314	0	0	0	0	32	0	0	1041	0	0	0	-0.272595	6.41792	-0.386246	0	195	582	143	199.5	710.575	194.6	216	
3	2	5	5	3	3	26	47	95	48	960	808	93	88	1040	0	0	1	0	0	0	15	1041	0	0	2.40345	-0.744162	0	0	5.0292	63.6667	48	605.6	350.1	62.6667	59.3333	615.258	
5	3	3	3	26	2	5	47	28	362	300	12	989	8	29	1	2	1	2	404	1	1	999	-1.02194	0	0	0	2.11011	0	-1.24515	11.6	241.333	200.667	8	395.935	8	11.6	
5	3	5	3	26	2	3	47	301	967	768	785	1041	114	812	0	0	0	0	0	0	0	1041	-0.749439	0	-0.345183	0	5.84693	0	0	130.3	773.333	352	543.333	671.628	114	566.333	
5	3	5	3	3	2	26	47	805	948	789	781	101	57	1041	0	0	0	0	0	0	5	1041	1.95738	0	-0.729354	0	0	0	5.53383	485.3	744.667	342.6	529.667	68.3333	57	650.271	
26	3	3	5	3	5	2	47	1041	832	817	360	820	859	123	2	0	0	0	0	0	0	1041	5.50767	0	0	-0.530487	0	-0.141339	0	648.486	579.333	574.333	160.8	573	404.7	123	
26	5	3	3	2	3	5	47	1035	654	403	393	16	636	57	200	0	0	0	0	0	0	1037	4.0739	1.85301	0	0	0	0	-1.12174	547.517	390	270.333	264.667	16	426	23.3	
26	3	3	5	2	5	3	47	1041	823	837	1028	131	317	191	1	0	0	0	0	0	0	1041	6.39099	0	0	3.51971	0	-0.570162	0	708.738	577.333	583.667	720.5	131	140.8	131.667	
3	3	5	2	26	5	3	47	65	780	94	38	1040	904	67	0	0	0	0	99	1	0	1041	0	0	-1.18187	0	5.29998	2.26633	0	43.3333	525.667	38.1	38	633.711	562.5	45.3333	
3	5	2	3	5	3	26	47	980	965	114	204	778	824	1041	0	0	0	0	0	0	2	1041	0	1.83454	0	0	-0.328463	0	6.13247	786.333	574.3	114	139	357.4	574.667	691.105	
26	5	5	3	3	2	3	47	865	17	525	11	6	5	538	212	4	4	1	2	1	8	886	2.0115	-1.22485	1.86849	0	0	0	0	340.745	6.8	313.6	7.33333	4	5	360	
26	5	3	2	3	3	5	47	1041	322	983	133	836	817	986	0	0	0	0	0	0	0	1041	6.38413	-0.670036	0	0	0	0	1.81521	708.271	141	794.333	133	584.667	565.667	585.6	
3	2	5	26	3	5	3	46	185	7	19	826	16	16	7	29	1	4	634	0	2	1	864	0	0	-0.906259	-0.660035	0	-1.22187	0	123.667	7	8	180.714	10.6667	6.4	4.66667	
2	5	3	26	5	3	3	47	17	59	32	1038	791	48	41	0	0	0	206	1	0	0	1039	0	-1.20701	0	4.50425	-1.10335	0	0	17	23.8	21.3333	578.372	324.9	32.6667	27.6667	
3	2	3	26	3	5	5	47	130	77	964	1041	125	249	212	0	0	0	36	0	0	0	1041	0	0	0	5.85198	0	-0.812266	-1.02402	88.3333	77	773.667	671.972	84.6667	106.8	88.1	
3	3	5	3	2	26	5	47	52	794	826	883	37	1041	827	0	0	0	0	0	24	0	1041	0	0	-0.956339	0	0	4.36556	1.91576	34.6667	533.667	346.9	651.667	37	570.582	496.4	
5	5	3	3	3	2	26	47	837	846	811	815	807	124	1041	0	0	0	0	0	0	12	1041	-0.206726	-0.210555	0	0	0	0	6.06323	390.9	394.9	563.667	565.667	559.333	124	686.382	
3	3	26	5	3	2	5	47	276	252	1041	423	265	178	886	0	0	24	0	0	0	0	1041	0	0	6.04446	-0.29129	0	0	2.25551	189	175	685.102	195.3	181	178	550.7	
5	5	2	26	3	3	3	47	311	914	125	1041	816	221	802	0	0	0	11	0	0	0	1041	-0.566812	0.832955	0	5.48877	0	0	0	138.2	486.5	125	647.197	566	150.667	557.333	
26	5	5	3	2	3	3	47	1041	396	423	978	192	850	266	2	0	0	0	0	0	0	1041	5.84386	-0.356938	-0.343978	0	0	0	0	671.418	181.2	193.9	784	192	594.667	181	
5	5	3	3	2	3	26	47	72	63	262	39	19	42	1039	0	0	0	0	0	0	624	1040	-1.10963	-1.11121	0	0	0	0	3.99775	29.5	25.8	179.667	26	19	28	544.446	
3	5	5	3	3	2	26	47	273	415	410	840	831	174	1041	0	0	0	0	0	0	9	1041	0	-0.425781	-0.48532	0	0	0	5.23841	188.333	188.1	184.3	590.333	580.667	174	630.12	
3	5	3	2	3	5	26	47	804	77	55	20	777	738	1041	0	0	0	0	0	0	22	1041	0	-1.22291	0	0	0	-1.02191	3.36365	541.667	31	37	20	523.667	306.9	502.24	
2	5	3	26	3	5	3	47	105	277	983	1041	174	989	212	0	0	0	2	0	0	0	1041	0	-0.652282	0	6.16716	0	1.82518	0	105	121.6	783	693.471	119.333	588	144.333	
26	5	3	3	2	3	5	47	1041	322	821	220	146	214	330	55	0	0	0	0	0	0	1041	5.23332	-0.586034	0	0	0	0	-0.530391	629.772	142.7	568.667	151.333	146	147	147.4	
2	5	3	3	26	3	5	47	89	833	108	129	1040	148	178	0	0	0	0	106	0	0	1041	0	-0.664467	0	0	4.62477	0	-0.833374	89	365.1	73.3333	87	587.698	100.667	76.1	
3	2	3	3	26	5	5	47	935	25	653	649	1040	66	64	0	0	0	1	43	0	0	1041	0	0	0	0	4.74239	-1.1186	-1.13839	730.667	25	440.667	435.333	595.714	27	26.1	
2	5	26	3	5	3	3	47	165	416	1028	271	388	248	214	0	2	150	0	3	3	2	1040	0	-0.0451546	3.48991	0	-0.444689	0	0	165	198.5	504.48	186.333	175.4	168.333	145.333	
3	5	2	3	5	26	3	47	130	199	79	114	206	898	122	10	15	5	5	8	375	11	978	0	-0.927791	0	0	-0.692722	1.19967	0	88.3333	83.9	79	76.6667	89.9	305.945	82.6667	
3	5	3	26	2	3	5	47	258	445	250	1031	172	244	677	0	3	0	72	0	0	1	1039	0	-0.550963	0	3.16476	0	0	1.6786	178.667	198.2	172	483.985	172	166.667	396.3	
5	2	3	5	3	26	3	47	690	147	188	392	273	1010	212	5	1	1	2	1	84	0	1038	-0.108507	0	0	-0.359762	0	2.50598	0	326.5	147	128.667	179.3	185.333	430.535	144.333	
5	26	3	3	2	5	3	47	285	924	210	174	111	300	179	11	237	5	6	1	8	9	1006	-0.608346	-0.237709	0	0	0	-0.636331	0	125.9	227.745	143.333	118.333	111	132	121.333	
3	2	3	3	26	5	5	47	52	34	79	60	550	106	214	13	10	17	17	284	35	38	714	0	0	0	0	-0.838827	-0.923452	0.689193	34.6667	34	53.3333	40.3333	113.837	44.7	112	
3	26	3	2	5	3	5	47	9	115	4	8	72	7	15	9	99	2	3	56	7	13	209	0	-1.55722	0	0	1.3684	0	-1.01543	6	18.1785	2.66667	8	40.8	4.66667	6.2	
26	5	3	3	2	3	5	47	989	352	212	229	124	228	396	169	3	1	6	2	3	8	1030	1.2071	-0.608526	0	0	0	0	-0.469486	337.409	155.5	144	157.667	124	156.667	178.4	
5	2	3	5	3	26	3	47	228	84	153	231	133	908	146	28	4	8	16	4	317	7	1000	-0.825491	0	0	-0.858847	0	0.782753	0	97.6	84	103	98.4	91.3333	284.535	98.3333	
3	3	5	5	3	26	2	47	240	240	410	803	241	1024	205	0	0	2	1	1	49	0	1037	0	0	-0.458142	-0.0226185	0	3.4885	0	166	163	185	384.3	165.667	502.425	205	
3	2	3	5	26	3	5	47	133	112	173	225	889	163	241	8	7	9	9	280	12	14	979	0	0	0	-0.692343	0.459732	0	-0.737554	90.3333	112	117	98.2	259.76	111	104.5	
3	5	3	5	3	26	2	47	47	118	69	279	47	562	43	13	47	29	26	16	234	7	721	0	-1.03965	0	1.24735	0	-0.323018	0	31.3333	48.9	46	155.8	31.3333	135.357	43	
26	5	3	5	2	3	3	47	1007	353	283	748	156	258	245	61	5	1	1	0	2	1	1034	2.13445	-0.48869	0	0.169534	0	0	0	404.742	158.6	193.333	367	156	176.333	168.333	
3	26	2	5	3	5	3	47	47	503	34	140	52	110	67	17	308	10	43	13	52	19	680	0	-1.22207	0	-0.0679929	0	-0.964983	0	31.3333	91.4338	34	66.6	34.6667	46.1	44.6667	
5	5	3	2	3	3	26	47	387	341	192	176	271	248	1032	0	0	0	0	0	0	179	1037	-0.479562	-0.577716	0	0	0	0	4.62115	174.1	151.3	132.667	176	185	169.333	582.938	
2	3	5	5	3	26	3	47	36	57	76	84	42	534	51	13	18	26	33	15	380	17	679	0	0	-0.972785	-0.907273	0	-0.383594	0	36	38	31.8	35.5	28.3333	126.486	34.3333	
5	3	2	3	3	26	5	47	405	680	164	298	214	1014	754	1	2	1	2	1	44	2	1037	-0.396971	0	0	0	0	2.52364	-0.0215515	184.3	474.333	164	206	148.333	433.412	360.9	
5	3	26	3	3	2	5	47	123	88	696	90	80	61	159	24	14	375	24	14	12	34	849	-0.430503	0	-0.808085	0	0	0	-0.850643	55.7	59	145.495	60.3333	53.3333	61	67.8	
3	2	26	3	5	3	5	47	178	156	994	214	707	172	309	2	0	100	2	4	2	6	1030	0	0	2.47534	0	1.83727	0	-0.634316	122	156	421.726	145.667	420.9	117.333	136	
3	26	5	3	2	5	3	47	217	1013	344	243	141	358	196	2	188	2	0	1	2	0	1031	0	3.02419	-0.519028	0	0	-0.584122	0	148	466.212	153.9	166.667	141	158.7	132.667	
5	3	3	5	26	2	3	47	339	262	182	350	1006	143	219	3	2	1	5	187	0	3	1034	-0.644017	0	0	-0.386476	1.51082	0	0	149	180.667	125	159.5	363.228	143	149.333	
3	2	5	26	5	3	3	47	292	154	796	1027	471	309	375	0	1	2	40	2	0	0	1041	0	0	1.7177	3.18235	-0.279905	0	0	201.667	154	467.9	483.292	217.8	216	261.333	
3	26	5	3	2	3	5	47	107	903	183	126	54	142	181	5	394	16	6	3	6	13	973	0	1.96283	-0.732575	0	0	0	-0.849452	72	352.818	79.4	84	54	97	77.2	
3	3	3	5	26	2	5	47	104	92	93	334	744	60	184	11	10	11	33	262	8	32	889	0	0	0	-0.591704	-0.269215	0	-0.951335	71	61.6667	62.3333	147.9	181.834	60	77.3	
3	26	5	5	3	3	2	47	302	1018	446	450	267	289	175	2	109	1	2	2	3	1	1039	0	2.47654	-0.238454	-0.0459939	0	0	0	210	431.978	207.4	214.7	180.333	200	175	
3	3	26	2	5	3	5	47	232	284	1027	177	503	291	455	0	1	106	0	0	0	2	1040	0	0	2.5346	0	-0.241862	0	-0.108474	159	194.667	439.702	177	233.8	200.333	215.3	
3	26	5	3	5	3	2	47	196	952	562	217	328	490	119	4	121	7	5	2	4	2	1028	0	0.611082	1.21684	0	-0.554963	0	0	132.667	287.606	312.7	149	146	340.667	119	
26	3	3	3	5	2	5	47	1002	263	386	240	435	154	445	103	1	1	0	7	2	5	1038	1.01209	0	0	0	-0.241546	0	0.0465099	329.037	183	268.667	163.333	202.2	154	214.9	
5	3	5	3	2	3	26	47	73	45	249	99	29	37	490	24	17	40	10	12	12	211	630	-0.938827	0	-1.023	0	0	0	-0.208417	30.7	30	103.5	66	29	24.6667	121.698	
5	3	3	26	2	5	3	47	230	153	117	854	84	235	110	18	9	15	326	9	24	10	978	-0.704985	0	0	0.0702342	0	-0.690031	0	100.2	105	78.6667	227.729	84	102.6	75.6667	
26	3	5	3	3	5	2	47	1041	118	835	797	92	824	79	99	0	0	0	0	0	0	1041	5.36747	0	-0.547627	0	0	-0.590122	0	638.923	79.6667	372.1	546	61.6667	365	79	
5	3	5	2	26	3	3	47	866	261	873	235	1041	823	251	0	0	0	0	9	0	0	1041	0.416177	0	0.400796	0	5.25691	0	0	438.3	180	441	235	631.382	589.667	170.667	
3	5	26	3	3	2	5	47	846	860	1039	264	284	217	1014	0	0	4	0	0	0	1	1041	0	0.37239	4.22106	0	0	0	3.303	604.333	432.9	559.649	182	194	217	696.9	
5	5	2	3	3	26	3	47	985	480	205	249	968	1041	252	0	0	0	0	0	4	0	1041	2.11116	-0.27201	0	0	0	5.60222	0	603.3	222.2	205	172	770.333	654.935	175	
3	5	26	2	3	5	3	47	252	889	1041	201	250	451	894	0	0	12	0	0	0	0	1041	0	2.21672	6.04568	0	0	-0.401732	0	171.333	550.4	685.185	201	171.667	205.1	660	
3	3	5	2	5	26	3	47	235	984	874	161	892	1041	224	0	0	0	0	0	6	0	1041	0	0	-0.00583371	0	2.23892	5.72117	0	161.667	786.333	419.2	161	553.5	663.049	153	
26	3	5	2	3	3	5	47	1041	821	871	146	229	208	845	47	0	0	0	0	0	0	1041	6.0413	0	2.11688	0	0	0	0.107476	684.886	577.667	533.8	146	156	142.667	411.3	
3	26	3	5	3	5	2	47	70	1028	101	977	70	805	54	3	33	1	1	0	2	1	1036	0	3.76014	0	1.36742	0	1.9554	0	47.6667	522.683	67.3333	552.8	46.6667	485.2	54	
3	3	5	26	3	2	5	47	804	104	750	1037	119	103	881	2	0	0	21	0	0	1	1040	0	0	-0.594763	4.61233	0	0	2.18149	553	69.6667	332	585.16	79.3333	103	543.5	
5	26	3	3	2	3	5	47	1021	1041	205	216	166	849	399	0	4	0	0	0	0	0	1041	3.42147	5.99295	0	0	0	0	-0.503463	709.3	681.588	140	148.667	166	601.667	178.9	
5	5	3	3	2	3	26	47	848	993	186	192	139	974	1041	0	0	0	0	0	0	5	1041	-0.162335	1.84318	0	0	0	0	5.93985	398.4	591.5	126.333	129.667	139	783	677.966	
3	5	2	3	3	26	5	47	127	830	76	99	802	1033	828	0	2	1	0	1	97	1	1038	0	2.05013	0	0	0	4.06474	-0.635764	86.3333	505.2	76	66.6667	550.667	545.84	364.4	
2	3	5	3	5	26	3	47	127	152	279	138	985	1039	193	0	0	0	0	0	30	0	1040	0	0	-0.873373	0	2.76473	5.60567	0	127	102.333	118.6	94	643.7	653.914	133	
3	26	3	2	3	5	5	47	182	1041	826	166	255	848	997	0	2	0	0	0	0	0	1041	0	4.90547	0	0	0	0.160832	2.02727	124	607.409	571.667	166	174.333	415.6	605.4	
3	3	3	2	26	5	5	47	247	252	816	235	1041	985	869	0	0	0	0	5	0	0	1041	0	0	0	0	5.17098	1.9785	0.371837	172	171	577.667	235	625.52	595.1	437.4	
5	3	2	26	3	5	3	47	776	86	91	1040	95	773	771	0	0	0	39	0	0	1	1041	1.95697	0	0	5.65595	0	-0.715995	0	467.8	57.3333	91	657.969	63.6667	336.3	528.667	
5	5	2	3	26	3	3	47	381	85	67	768	982	54	57	7	3	2	4	97	2	1	1003	1.4379	-1.20923	0	0	3.79056	0	0	217.3	34.3	67	519.333	501.28	36.6667	38	
26	3	3	5	5	2	3	47	987	901	38	734	732	27	49	70	1	0	3	2	0	0	996	3.20913	0	0	-0.942392	-0.921896	0	0	466.222	687	25.6667	308.9	309	27	33.3333	
3	5	2	5	3	26	3	47	284	478	187	911	835	1041	265	0	0	0	0	0	4	0	1041	0	-0.104595	0	2.23389	0	5.21315	0	195	226.3	187	565	600.667	628.397	180.333	
3	26	5	3	5	2	3	47	25	988	430	37	181	20	443	2	432	2	0	1	0	0	996	0	2.26774	-1.03664	0	-1.06883	0	0	17	405.742	178.4	24.6667	74.7	20	308.333	
26	5	5	3	3	3	2	47	1041	876	393	209	828	215	187	40	0	0	0	0	0	0	1041	5.91157	2.10662	-0.390439	0	0	0	0	676.037	536.3	179	142	589.333	147.667	187	
2	3	26	5	5	3	3	47	105	139	1040	840	825	904	129	0	0	47	0	0	0	0	1041	0	0	5.63478	2.07126	-0.426799	0	0	105	93.3333	656.526	512.4	373.9	685.667	87.6667	
3	3	5	3	26	2	5	47	141	116	992	103	1041	95	179	0	0	0	0	21	0	0	1041	0	0	1.713	0	5.51191	0	-0.986676	94.6667	78.6667	582.8	69.6667	648.775	95	74.8	
3	2	5	3	26	5	3	47	158	135	855	979	1040	836	136	0	0	0	0	14	0	0	1041	0	0	1.94364	0	4.24143	-0.348385	0	108	135	514.7	781.667	561.575	383	91.3333	
3	3	2	5	5	3	26	47	899	133	107	832	568	133	1035	0	0	0	0	1	0	52	1037	0	0	0	-0.46266	1.29148	0	4.91151	681	90.3333	107	375.2	318.7	90.3333	604.323	
5	5	3	2	26	3	3	47	767	769	32	21	1013	18	724	1	0	0	0	140	1	1	1017	-1.1042	-0.984481	0	0	4.1951	0	0	315	321.6	21.3333	21	543.938	12	488.333	
5	2	3	3	3	26	5	47	87	34	51	36	561	1027	937	0	0	1	0	1	67	0	1030	-0.956231	0	0	0	0	3.92323	2.36785	36.5	34	34	24.3333	378.333	533.151	589	
5	5	3	3	3	2	26	47	875	860	982	229	234	193	1041	0	0	0	0	0	0	8	1041	2.15237	-0.0333484	0	0	0	0	4.97457	538.2	411	789	156	159	193	612.123	
5	3	3	3	26	5	2	47	335	161	833	218	1041	984	156	0	0	0	0	24	0	0	1041	-0.546242	0	0	0	4.94173	2.87733	0	149.3	109.333	581.667	148	609.883	650	156	
3	2	5	3	5	26	3	47	66	56	673	83	667	1029	837	0	0	0	1	0	125	2	1033	0	0	1.85236	0	-0.928052	3.59157	0	44.6667	56	401.3	55.3333	281.3	511.825	634.667	
2	5	3	5	3	26	3	47	224	535	292	880	331	1032	267	0	0	0	0	0	24	0	1040	0	0.00297664	0	0.610177	0	1.60819	0	224	256.9	201.333	456.1	229.667	379.194	183	
26	3	5	3	2	3	5	47	984	140	831	194	142	127	815	29	2	2	1	4	1	12	1031	2.03863	0	-0.200931	0	0	0	-0.301053	389.326	93.6667	388.4	132	142	85.6667	375.8	
5	2	3	5	3	26	3	47	256	241	4	17	13	332	10	33	52	1	11	8	136	6	492	-1.19139	0	0	-1.22485	0	-0.443417	0	103.7	241	2.66667	6.8	8.66667	77.3077	6.66667	
3	3	3	5	5	2	26	47	223	290	234	842	419	209	1018	0	1	0	2	1	0	37	1041	0	0	0	0.25432	-0.346497	0	0.648216	153.667	199.333	162	417.6	192	209	310.015	
3	3	5	5	26	2	3	47	810	195	387	850	1015	174	189	3	0	0	3	15	0	0	1041	0	0	-0.611174	-0.028117	1.43424	0	0	563.667	132.667	170.9	406.5	361.382	174	128.333	
2	3	26	3	5	3	5	47	89	732	922	81	814	77	180	1	0	23	2	63	1	3	1025	0	0	1.2145	0	-0.632597	0	-0.944156	89	499.333	315.012	54.6667	358.4	52	75.7	
5	3	2	3	3	5	26	47	454	205	204	229	283	871	1023	1	0	0	0	0	2	36	1041	-0.239169	0	0	0	0	0.234517	2.04687	211.1	139.333	204	156	197.667	430.9	405.295	
2	26	3	5	3	5	3	47	101	967	81	257	121	830	154	0	84	1	2	0	29	3	1036	0	-0.0980788	0	-0.801902	0	-0.514451	0	101	247.194	54.6667	110.4	81.3333	371.6	104.333	
5	3	2	26	3	5	3	47	833	133	110	976	125	851	169	1	1	1	18	2	29	1	1035	-0.454072	0	0	1.54747	0	1.97	0	376.1	89.6667	110	354.748	84	513.7	115	
3	3	5	5	3	2	26	47	21	30	195	672	25	15	924	1	0	5	61	1	4	251	1011	0	0	-1.14067	1.89493	0	0	1.63162	14	20	79.6	402.5	16.6667	15	340.957	
3	3	3	5	2	26	5	47	166	215	173	856	142	940	609	2	1	0	30	2	44	2	1036	0	0	0	-0.215543	0	-0.133823	-0.209753	112.667	148.667	118.333	399.3	142	238.089	284.3	
5	3	3	2	3	5	26	47	849	157	195	790	149	276	979	5	0	2	1	0	0	13	1039	1.9645	0	0	0	0	-0.615453	-0.550998	512.2	105.667	133.333	790	100.333	121.8	221.203	
5	3	3	26	5	3	2	47	366	832	182	1033	875	221	171	0	0	0	12	2	0	0	1041	-0.612255	0	0	2.02634	1.97391	0	0	161.6	584	123.333	407.865	528.4	151.333	171	
3	3	2	26	5	5	3	47	193	196	146	1014	327	850	226	0	0	0	60	0	6	0	1040	0	0	0	0.863439	-0.601423	0.0693552	0	130	134	146	323.098	144.6	411.7	154.667	
5	3	26	2	3	3	5	47	452	108	1015	123	126	807	473	1	1	60	0	1	0	1	1032	1.20254	0	2.54937	0	0	0	-0.533209	251.1	73.3333	435.551	123	85.3333	556.333	211.2	
3	5	26	5	3	2	3	47	799	841	939	207	93	98	100	9	8	24	1	0	1	0	1040	0	1.96119	0.303406	-0.933514	0	0	0	548.667	507.2	264.745	87.2	62.6667	98	67.3333	
5	3	26	5	3	3	2	47	452	252	1030	848	233	304	194	1	0	25	0	0	0	0	1039	-0.213455	0	1.92525	0.279202	0	0	0	210.9	173	399.858	421.9	158	211.333	194	
5	2	26	3	3	3	5	47	33	617	726	22	666	16	614	3	64	16	3	1	2	64	968	-1.15414	0	0.711821	0	0	0	-1.13673	13.4	617	224.151	14.6667	446.333	10.6667	250.9	
2	5	5	3	26	3	3	47	171	376	987	211	1014	234	205	0	0	10	0	13	0	0	1041	0	-0.363189	2.9632	0	-0.680666	0	0	171	171.9	657.3	144	220.498	160.667	139.333	
5	5	2	3	3	26	3	47	408	898	217	287	264	1033	204	0	1	0	0	0	27	0	1040	-0.196639	2.15867	0	0	0	1.14415	0	190.8	552.7	217	195.667	180.333	348.151	140	
5	3	3	5	3	2	26	47	426	819	214	995	213	192	1038	0	0	0	0	0	0	4	1041	-0.458901	0	0	2.05472	0	0	2.07556	192.2	580	148	605.9	145.667	192	413.185	
26	5	3	3	5	3	2	47	1037	403	830	210	874	182	201	8	0	0	1	0	0	0	1041	1.626	-0.455816	0	0	0.125425	0	0	382.24	181.9	586.333	144.667	426.4	122.667	201	
26	3	3	2	5	3	5	47	1005	216	165	170	369	155	746	86	1	1	0	1	0	8	1036	1.39973	0	0	0	-0.514123	0	-0.142654	355.551	149	112.333	170	165.2	103.667	351.4	
2	5	5	3	3	3	26	46	1	295	311	6	4	297	323	0	35	47	3	3	3	20	480	0	-1.21329	1.81196	0	0	0	1.55688	1	119.1	184.7	4	2.66667	198	115.876	
3	5	3	5	26	2	3	47	10	15	13	698	785	9	8	2	2	1	160	236	0	0	955	0	-1.21852	0	-1.21734	0.100694	0	0	6.66667	6	8.66667	281.7	210.898	9	5.33333	
5	3	3	26	2	5	3	47	876	217	249	986	179	388	185	14	1	1	46	1	0	1	1039	2.11935	0	0	1.14164	0	-0.543144	0	537	151.333	172.333	332.157	179	173	125.667	
2	3	3	5	26	5	3	47	748	16	160	734	593	21	8	10	2	4	6	116	3	0	931	0	0	0	-1.22455	-0.802306	-1.23407	0	748	10.6667	107.333	295.9	124.169	8.4	5.33333	
26	2	3	5	3	3	5	47	1003	154	156	344	238	212	840	53	0	1	1	1	0	11	1041	-0.1933	0	0	-0.620798	0	0	2.07126	250.138	154	106.333	151.7	162	143.667	512.4	
26	3	3	5	5	2	3	47	1013	265	815	879	486	238	265	7	0	2	1	0	0	0	1041	0.263568	0	0	0.478183	-0.271278	0	0	282.96	182	580	448.3	225	238	183.667	
2	5	26	5	3	3	3	47	120	979	991	263	178	159	141	1	19	27	0	0	1	0	1041	0	1.68755	-0.0129406	-0.728028	0	0	0	120	573.6	258.858	114.2	121.333	108	96	
26	3	3	3	5	2	5	47	1041	119	899	131	1027	71	1027	0	0	0	0	0	0	0	1041	6.24262	0	0	0	4.01004	0	3.85177	698.618	80.3333	669.333	88.3333	751.4	71	741.2	
5	26	3	2	3	5	3	47	985	1041	60	43	866	993	58	0	4	0	0	0	0	0	1041	2.95562	4.13352	0	0	0	2.9376	0	655.5	554.754	40	43	644.333	659.7	39.3333	
3	3	5	5	26	3	2	47	972	202	1030	1031	1041	195	123	0	0	0	0	0	0	0	1041	0	0	4.09058	3.78243	5.91568	0	0	769	137	758.8	739.6	676.317	134	123	
5	2	3	3	5	26	3	47	1007	23	36	39	995	1039	955	0	0	0	0	0	4	0	1041	3.12751	0	0	0	2.69853	5.15516	0	681	23	24.3333	26.3333	646.1	623.243	746.333	
3	2	5	5	3	26	3	47	31	32	970	957	827	1025	26	0	0	3	0	1	11	0	1037	0	0	2.8633	2.60146	0	4.07757	0	20.6667	32	639.9	615.6	603.333	542.48	17.3333	
26	3	3	3	5	5	2	47	1041	867	173	184	1024	1035	133	0	0	0	0	0	0	0	1041	6.69434	0	0	0	3.82321	4.31563	0	729.431	646.333	119.333	125.333	737.2	777.1	133	
5	2	3	26	3	5	3	47	1032	36	54	1041	906	1019	55	0	0	0	0	0	0	0	1041	3.74202	0	0	5.70772	0	3.33685	0	737.7	36	36	662.132	694.333	702.5	37	
26	3	5	3	5	2	3	47	1040	71	956	86	1024	45	946	1	0	0	0	0	0	0	1041	4.94246	0	2.81386	0	3.69561	0	0	609.348	48	627.7	58.3333	729	45	741.333	
3	26	3	5	5	2	3	47	99	1040	977	994	1030	56	85	0	1	0	0	0	0	0	1041	0	6.05966	0	2.36747	3.92504	0	0	66.6667	685.48	781.667	624.8	748.1	56	57.3333	
3	3	2	3	5	26	5	47	972	136	113	144	1006	1041	1026	0	0	0	0	0	0	0	1041	0	0	0	0	3.32355	6.28891	3.42499	772.333	92	113	98.6667	692.7	701.775	713	
5	3	5	26	2	3	3	47	497	14	849	921	16	576	11	3	1	17	48	1	0	2	977	-0.450468	0	2.01329	1.58531	0	0	0	224.5	9.33333	514.8	337.055	16	417.333	7.33333	
2	3	26	3	5	5	3	47	73	103	1041	110	1037	1029	964	0	0	0	0	0	0	0	1041	0	0	5.67462	0	4.26951	3.86195	0	73	69	659.874	74.3333	775.6	743.3	764	
3	5	5	3	2	3	26	47	32	816	974	36	30	849	1041	0	0	0	0	0	0	16	1041	0	0.0823954	2.52402	0	0	0	5.10178	21.3333	395.9	621.8	24	30	626.333	620.8	
3	2	26	3	5	5	3	47	858	27	1040	36	962	980	31	0	0	1	0	0	0	0	1040	0	0	4.80615	0	2.01815	2.93492	0	614	27	600.058	24	583.6	650.9	21	
5	3	3	3	5	2	26	47	1012	185	192	843	1033	126	1041	0	0	0	0	0	0	0	1041	2.94988	0	0	0	4.26629	0	5.92461	673.1	124.667	129.667	619.333	772.4	126	676.926	
5	26	5	3	3	3	2	47	983	1027	937	68	63	523	55	7	9	0	0	0	0	1	1038	2.72107	3.48274	2.04305	0	0	0	0	639.7	503.508	569.9	45.6667	42	357.333	55	
26	3	5	2	5	3	3	47	1041	80	1036	69	1023	85	877	0	0	0	0	0	0	0	1041	5.07751	0	4.03799	0	3.85	0	0	619.145	53.6667	759.8	69	738.2	57.6667	646.667	
3	5	26	3	2	3	5	47	139	1028	1041	966	109	162	1029	0	0	0	0	0	0	0	1041	0	3.85299	5.36896	0	0	0	3.62965	93.6667	742	639.025	773.333	109	110.333	728.3	
3	3	3	5	5	2	26	47	191	952	190	1034	1032	149	1041	0	0	0	0	0	0	0	1041	0	0	0	3.99278	3.76055	0	5.76524	128.333	758.667	129.667	755.4	738.9	149	666.055	
3	5	3	2	26	3	5	47	156	1032	907	112	1041	156	1027	0	0	0	0	0	0	0	1041	0	3.7868	0	0	6.24795	0	3.46076	106	740.6	690.667	112	698.982	105.667	716	
3	3	5	3	26	5	2	47	139	958	1000	188	1041	1023	107	0	0	0	0	0	0	0	1041	0	0	2.65158	0	5.94035	3.47304	0	95	755	646.4	128.333	678	714	107	
3	5	2	26	3	5	3	47	917	1023	64	1041	80	1011	83	0	0	0	0	0	0	0	1041	0	3.43877	0	5.87954	0	3.17157	0	715	711.8	64	673.852	53.3333	686.5	55.6667	
5	5	2	3	26	3	3	47	1033	1022	65	101	1041	112	788	0	0	0	0	1	0	0	1041	4.05958	3.70533	0	0	4.40196	0	0	759	728.2	65	68.3333	573.065	76	541.333	
5	3	2	3	3	26	5	47	1038	194	93	970	193	1041	1024	0	0	0	0	0	0	0	1041	4.3916	0	0	0	0	5.36733	3.70806	784.3	130.333	93	770.333	130	638.914	729.8	
2	26	5	3	3	3	5	47	132	1041	1033	198	966	238	1021	0	0	0	0	0	0	0	1041	0	6.71424	4.25241	0	0	0	3.49014	132	730.788	771.5	135.333	776	164.667	713.7	
5	3	2	5	26	3	3	47	1032	159	98	1003	1041	961	149	0	0	0	0	0	0	0	1041	3.77136	0	0	2.956	5.29868	0	0	739.6	108	98	667.5	634.231	757.333	101.333	
3	3	3	2	26	5	5	47	118	955	112	94	1041	1031	1032	0	0	0	0	0	0	0	1041	0	0	0	0	5.60334	3.8999	4.05393	79	756.333	75.3333	94	655.012	747.2	757.9	
3	3	3	26	5	5	2	47	63	62	520	1041	998	1019	60	0	0	0	3	0	0	0	1041	0	0	0	5.0827	2.91332	3.46508	0	43	41.6667	359.333	619.498	661.5	710.7	60	
3	3	26	5	2	5	3	47	136	137	1041	1035	109	1034	976	0	0	0	0	0	0	0	1041	0	0	6.13671	4.18476	0	4.09757	0	92.3333	92.3333	691.394	768.6	109	762.2	792	
3	3	2	3	26	5	5	47	192	184	108	914	1041	1035	1026	0	0	0	0	0	0	0	1041	0	0	0	0	6.68586	4.1201	3.81328	131.333	125.333	108	699	728.852	764.4	738	
3	3	3	26	5	2	5	47	228	220	209	1039	349	105	324	0	0	0	221	0	0	0	1040	0	0	0	3.47633	-0.580004	0	-0.565728	155	151.333	142.667	508.948	154.8	105	144	
5	2	3	26	5	3	3	47	98	37	76	880	95	64	65	15	2	7	564	7	4	2	925	-1.16952	0	0	1.09821	-1.13287	0	0	39.8	37	50.6667	293.963	38.8	42.6667	43.3333	
5	26	5	2	3	3	3	47	315	1031	264	108	178	183	198	1	256	2	0	1	0	0	1039	-0.727319	3.7947	-0.681906	0	0	0	0	136.8	526.542	115.4	108	123	123.333	135.333	
2	3	5	26	3	5	3	47	207	324	495	1040	311	477	330	0	0	0	82	0	0	0	1041	0	0	-0.0868543	4.28175	0	-0.152214	0	207	225.667	234.9	564.323	219	224.4	227.333	
3	5	26	2	3	3	5	47	85	126	893	41	77	81	121	7	11	523	5	14	7	11	958	0	-0.878374	2.32303	0	0	0	-1.13717	57	53.5	370	41	51.6667	54.3333	49.4	
3	5	5	26	2	3	3	47	393	554	566	1041	257	875	404	0	0	0	12	0	0	0	1041	0	-0.0149484	0.152509	4.80474	0	0	0	278.333	265.4	277.1	600.538	257	630.667	281.667	
26	3	2	3	3	5	5	47	1021	107	58	109	774	183	162	139	2	0	1	1	2	1	1031	2.50421	0	0	0	0	-0.836732	-1.00548	435.102	73	58	74	527.333	78.2	67.5	
5	2	3	3	26	3	5	47	58	21	29	50	853	33	59	6	2	0	5	656	5	12	889	-0.988571	0	0	0	2.15807	0	-1.10019	24.2	21	19.3333	33.3333	344.218	22	24.2	
3	5	3	3	2	26	5	47	172	272	162	177	94	1015	264	1	0	2	0	1	299	2	1034	0	-0.582381	0	0	0	1.90476	-0.971053	117.333	120.6	110.667	120.667	94	392.677	110.6	
26	2	3	3	5	3	5	47	938	39	80	70	105	79	111	583	4	9	5	7	5	4	979	0.739113	0	0	0	-0.950288	0	-1.06768	291.249	39	53.3333	47.6667	44.1	53.3333	45.8	
2	5	5	3	26	3	3	47	221	533	554	392	1039	364	366	0	0	0	0	46	1	0	1041	0	0.261731	0.0540441	0	4.61141	0	0	221	264.6	267.8	274	586.225	257	255	
3	5	3	26	3	5	2	47	183	315	211	1039	206	303	109	0	0	1	233	0	1	0	1041	0	-0.530336	0	3.51542	0	-0.527138	0	123.333	140.7	143	511.609	140.333	135.4	109	
3	5	3	2	26	3	5	47	817	443	256	159	1041	254	401	0	0	0	0	45	0	0	1041	0	-0.314099	0	0	4.18553	0	-0.511277	570.333	203.9	175.333	159	558.302	176.333	179.6	
5	3	26	5	3	3	2	47	422	276	1040	370	240	258	155	0	0	135	0	0	0	0	1041	-0.424766	0	3.74069	-0.473163	0	0	0	191.3	191.333	527.452	166.6	166.333	175.333	155	
5	26	3	3	5	2	3	47	172	987	91	105	149	69	86	8	490	1	0	7	1	2	1012	-0.818008	1.56609	0	0	-0.80095	0	0	73.7	359.948	61.6667	70.3333	64	69	57.6667	
5	3	3	26	2	3	5	47	212	114	115	1014	74	145	212	1	1	2	409	0	3	4	1031	-0.851599	0	0	2.62848	0	0	-0.859096	90.4	76.3333	77.6667	440.378	74	97	90.3	
5	3	2	26	3	5	3	47	410	261	161	1041	276	423	267	0	0	0	131	0	0	0	1041	-0.3339	0	0	4.13005	0	-0.468172	0	188.2	180.333	161	554.517	189.667	190.6	184	
5	3	5	2	3	26	3	47	537	397	530	218	362	1041	838	0	0	0	0	0	14	0	1041	0.0901532	0	0.198309	0	0	3.98083	0	260.8	278	261	218	255.667	544.338	599.667	
3	3	2	26	3	5	5	47	232	230	143	1039	725	354	398	0	0	0	72	0	0	0	1041	0	0	0	3.45107	0	-0.36953	-0.653504	160.333	155	143	507.228	503.333	161.7	174.7	
3	3	5	2	3	26	5	47	348	359	496	210	825	1041	525	0	0	0	0	0	24	0	1041	0	0	-0.147034	0	0	4.16063	0.0363991	242	250.667	233.5	210	588	556.603	253.2	
5	3	5	2	26	3	3	47	452	327	449	160	1039	318	298	0	0	0	0	100	0	0	1041	-0.216978	0	-0.3943	0	3.74262	0	0	210.8	226.667	204.4	160	527.077	222.667	208.333	
5	2	3	3	26	5	3	47	394	136	799	227	1039	365	237	0	0	1	0	52	0	0	1041	-0.626999	0	0	0	4.05637	-0.549397	0	173.6	136	556.333	156.333	548.437	162.6	160.667	
26	3	3	5	2	5	3	47	1041	377	373	566	256	530	373	48	0	0	0	0	0	0	1041	4.90249	0	0	0.000562763	0	-0.0480749	0	607.206	263.333	259	271.7	256	252.8	263	
3	2	5	3	26	3	5	47	328	201	519	364	1039	355	470	0	0	0	0	69	0	0	1041	0	0	-0.0589109	0	3.73309	0	-0.105018	228.333	201	247.2	252.667	526.428	245.333	222.5	
3	3	5	5	3	2	26	47	236	243	422	364	235	143	1039	0	0	0	0	0	0	158	1040	0	0	-0.541708	-0.573639	0	0	3.73602	159.667	166.667	188.2	161.6	163	143	526.628	
3	5	3	5	2	3	26	47	355	547	354	544	238	369	1041	0	0	0	0	0	0	44	1041	0	0.0855958	0	-0.0474248	0	0	4.49164	245	265.5	249.333	259.5	238	257.667	579.182	
5	3	5	3	3	2	26	47	92	61	91	68	65	37	1028	0	0	1	2	0	0	681	1031	-1.16265	0	-1.1788	0	0	0	2.70882	37.4	41.3333	36.9	46	43.3333	37	451.865	
26	5	3	5	3	2	3	47	1041	560	387	521	380	246	366	45	0	0	0	0	0	0	1041	4.29762	-0.0796298	0	-0.139988	0	0	0	565.948	266	271.667	245.5	266.333	246	254	
2	5	26	5	3	3	3	47	68	181	1018	180	102	103	106	1	2	472	1	2	3	2	1031	0	-1.06006	2.97391	-0.873565	0	0	0	68	74.8	465.157	76.5	68.6667	70.3333	70.6667	
5	2	5	3	3	3	26	47	367	161	393	244	264	835	1036	0	0	0	0	0	2	43	1041	-0.319172	0	-0.426891	0	0	0	2.26133	168.8	161	178.1	168	180.667	587.667	425	
5	3	5	3	2	3	26	47	816	139	361	800	106	156	1010	0	2	3	2	1	0	63	1031	2.10323	0	0.366788	0	0	0	0.487059	499.4	94.3333	181.6	556.667	106	105.333	296.914	
5	3	3	3	2	26	5	47	378	199	241	172	164	1012	728	2	1	0	2	1	77	4	1037	-0.405904	0	0	0	0	0.0505893	1.73881	171.8	134.333	164.667	116	164	268.557	428.9	
5	5	26	2	3	3	3	47	391	828	995	147	235	179	159	3	9	53	2	1	2	4	1033	-0.284147	-0.0488753	-0.721699	0	0	0	0	180.7	394.9	213.689	147	160.333	120.667	108.667	
5	26	3	3	5	3	2	47	842	996	136	147	266	814	144	3	67	4	3	2	4	3	1032	2.08035	2.11723	0	0	-0.722231	0	0	514.1	399.2	92.3333	99	115.6	564.667	144	
2	26	5	3	3	3	5	47	18	250	59	28	20	31	792	2	52	13	2	4	3	527	881	0	-2.58763	-1.10019	0	0	0	-1.18806	18	22.8062	24.2	18.6667	13.6667	20.6667	321.1	
26	5	2	3	3	5	3	47	451	109	38	45	40	114	96	294	45	12	22	13	45	39	658	-2.27033	-1.18016	0	0	0	-0.656105	0	50.8862	44.2	38	30	26.6667	50	64	
5	2	26	5	3	3	3	47	237	112	981	824	110	782	112	1	0	31	22	0	3	1	1037	-0.815704	0	-1.37085	2.06079	0	0	0	101.6	112	168.948	502.1	73.6667	538.667	75	
3	5	5	3	26	3	2	47	122	861	843	841	994	132	126	1	0	17	0	14	0	0	1037	0	-0.37899	2.01589	0	1.37105	0	0	83.6667	392.8	511.3	578.667	349.794	89	126	
3	3	26	3	5	5	2	47	31	18	829	30	786	64	29	5	2	47	2	8	12	3	865	0	0	-1.53072	0	-1.06577	-0.941265	0	20.6667	12	134.046	20	324.7	26.9	29	
2	3	3	5	3	26	5	47	100	124	124	277	162	800	853	1	2	3	8	4	58	87	1020	0	0	0	-0.744153	0	-1.59185	1.98854	100	84.6667	84.6667	120	109	126.142	515.9	
26	5	2	3	3	5	3	47	575	783	71	74	796	168	60	17	48	3	2	59	1	0	1015	-2.07781	1.94437	0	0	0	-0.882768	0	72.2462	471.4	71	49.3333	542	71.3	40	
5	26	3	3	2	5	3	47	870	1023	218	319	200	1012	227	1	5	0	0	0	1	0	1040	0.199624	2.76507	0	0	0	3.23646	0	428.5	453.44	149.333	221.667	200	691.3	155	
26	3	5	3	5	3	2	47	936	191	383	261	326	187	148	189	6	12	8	6	5	2	1026	-1.06861	0	-0.458795	0	-0.526147	0	0	179.729	130.333	172.8	180.333	145.7	128.333	148	
3	3	2	5	5	3	26	47	123	794	109	242	849	134	1026	1	1	1	3	3	0	16	1039	0	0	0	-0.897449	2.03581	0	2.41863	83	546	109	102.5	516	89.6667	431.477	
3	26	2	5	3	3	5	47	213	979	210	815	324	250	490	0	46	0	10	0	0	0	1037	0	-0.39825	0	0.248271	0	0	-0.0617424	145	231.003	210	403.9	225.667	170.667	233.3	
5	2	3	3	26	3	5	47	820	127	128	144	1028	789	315	1	0	1	0	81	3	0	1037	-0.244816	0	0	0	-0.620322	0	-0.419218	381	127	87	96.6667	227.609	545.333	142.9	
5	2	26	5	3	3	3	47	241	109	812	807	174	139	135	9	3	79	77	3	3	4	1023	-0.942064	0	-1.65653	1.91384	0	0	0	101.4	109	124.594	484.3	119	93.3333	93.3333	
26	2	5	3	3	5	3	47	1037	218	447	327	229	882	222	30	0	0	0	0	0	0	1041	2.03404	0	-0.418856	0	0	2.27151	0	409.966	218	202.8	223.667	156.333	549.1	150.333	
26	3	3	5	5	3	2	47	859	159	806	843	313	145	125	45	3	2	6	7	3	3	1025	-1.46939	0	0	2.014	-0.408675	0	0	142.36	108	559.667	511.2	142.2	99.3333	125	
5	3	3	26	2	5	3	47	478	220	298	986	203	882	227	0	1	0	31	1	10	1	1037	-0.00799454	0	0	-0.459819	0	2.29861	0	229.2	151	205	228.677	203	550.6	156	
2	3	5	26	3	3	5	47	182	172	885	1021	166	244	397	2	2	2	38	0	2	3	1039	0	0	2.11906	1.37183	0	0	-0.339201	182	116.667	542.5	359.342	115.333	170	182.1	
3	2	5	3	3	26	5	47	156	99	824	112	125	783	240	6	4	107	4	2	81	5	1015	0	0	-0.603657	0	0	-1.76737	-0.821437	107	99	364.3	75.6667	84	114.443	102.8	
5	26	3	5	3	3	2	47	859	1010	813	362	199	161	157	3	16	2	0	0	0	0	1041	-0.226662	0.502773	0	-0.5302	0	0	0	400.1	297.954	575.333	161.7	135.333	108.667	157	
3	5	26	3	3	5	2	47	816	846	976	115	113	856	98	0	1	14	0	1	1	0	1032	0	-0.236922	-1.26616	0	0	2.11299	0	566.333	393.5	174.782	77	76.3333	524.4	98	
3	3	26	5	5	3	2	47	168	296	1015	885	383	197	179	0	2	38	4	2	1	1	1037	0	0	-0.483903	1.98403	-0.558533	0	0	114	203.333	233.803	535	170.4	136	179	
3	3	2	3	26	5	5	47	289	184	195	212	1024	456	446	2	0	0	0	131	1	2	1040	0	0	0	0	-0.230549	-0.0377084	-0.402659	198.667	126.333	195	145.667	252.877	217.8	202.8	
2	3	26	3	5	3	5	47	62	791	922	66	801	52	132	1	2	27	1	61	0	2	1024	0	0	-2.07752	0	-0.821071	0	-1.05253	62	537	116.068	45	343.2	35	54.6	
3	26	5	2	3	5	3	47	192	1019	842	181	278	857	179	1	45	0	0	3	3	0	1040	0	-0.405961	0.023464	0	0	2.04583	0	131.333	239.929	405.4	181	190	521.4	121.333	
3	3	5	5	2	3	26	47	234	264	466	861	214	849	1027	0	0	1	1	0	0	17	1038	0	0	0.0416838	0.425994	0	0	1.52748	159	180.333	224.9	436.3	214	600	371.926	
2	5	3	3	5	3	26	47	61	843	976	87	847	95	617	1	3	1	1	3	1	17	1033	0	1.96297	0	0	1.93076	0	-2.06977	61	508.5	783.333	58	509.2	64	77.8738	
3	5	3	2	5	3	26	47	140	244	143	85	257	147	1025	1	0	3	0	1	2	346	1036	0	-0.737635	0	0	-0.68434	0	2.656	94.6667	105.8	97	85	112.3	99.6667	447	
5	3	3	2	3	26	5	47	388	227	285	149	291	1040	417	1	0	0	0	0	132	0	1041	-0.526735	0	0	0	0	3.76566	-0.311508	173.4	155	194.667	149	199.333	529.154	192	
5	26	2	3	5	3	3	47	137	1033	45	70	122	77	64	1	619	0	1	1	0	0	1037	-1.06064	1.624	0	0	-0.9174	0	0	56.6	380.631	45	47	51.5	52	43	
5	3	3	3	5	26	2	47	491	292	332	325	464	1039	191	1	0	0	0	0	81	0	1041	-0.0998842	0	0	0	-0.230591	2.89349	0	232.6	203	229.333	224.333	216	469.268	191	
5	5	3	3	26	3	2	47	420	450	267	299	1040	282	178	0	0	0	0	121	0	0	1041	-0.307012	-0.371489	0	0	3.50116	0	0	193.5	205.5	182	207	511.129	194.667	178	
3	26	3	3	2	5	5	47	93	1015	89	127	77	163	177	1	492	1	0	0	3	3	1025	0	1.81936	0	0	0	-0.929209	-0.893695	62.3333	386.997	60	85.3333	77	68.7	75	
2	3	5	3	5	26	3	47	67	68	155	107	160	1014	89	0	1	3	1	4	535	0	1028	0	0	-0.819243	0	-0.902897	3.02208	0	67	45.6667	66.4	72.6667	67.7	466.532	59.3333	
3	26	5	3	2	3	5	47	83	948	196	110	62	94	159	5	460	13	4	3	7	6	998	0	2.33375	-1.05218	0	0	0	-0.840658	55.6667	393.431	81.1	74	62	63.3333	67.9	
5	2	5	26	3	3	3	47	420	202	435	1037	265	263	317	0	1	1	119	0	0	1	1041	-0.314593	0	-0.204948	3.97639	0	0	0	193.3	202	203.2	541.948	182.667	180.333	219.667	
3	5	26	5	3	2	3	47	39	52	1030	65	29	14	44	0	0	817	0	1	0	0	1032	0	-0.986148	2.35283	-1.21327	0	0	0	26.3333	21.7	428.717	26.2	19.3333	14	29.3333	
5	26	3	3	5	3	2	47	69	981	57	38	78	42	24	5	744	1	4	2	0	2	999	-1.12536	1.8418	0	0	-0.89945	0	0	28.2	375.486	38	25.3333	33	28.3333	24	
5	3	2	3	3	26	5	47	98	47	31	53	48	1022	94	0	1	0	3	0	706	1	1028	-1.00798	0	0	0	0	1.99093	-1.03035	40.8	31.6667	31	35.6667	32.6667	401.154	39	
3	2	3	3	26	5	5	47	272	243	259	326	1034	484	456	1	0	0	0	90	1	0	1041	0	0	0	0	3.09377	-0.198048	-0.334487	186.333	243	177	228	480.582	226.3	209.3	
26	5	2	5	3	3	3	47	1041	407	203	411	319	259	242	117	0	0	0	0	0	0	1041	4.00776	-0.459949	0	-0.223867	0	0	0	546.175	183.6	203	191.5	219.667	178.333	167	
5	2	3	5	3	26	3	47	213	67	124	182	125	1032	109	3	0	1	1	0	443	0	1037	-0.965505	0	0	-1.06997	0	2.71965	0	89.3	67	84.3333	75.1	84.3333	454.354	73.3333	
2	26	3	3	3	5	5	47	169	1040	250	304	247	408	426	0	115	0	0	1	0	0	1041	0	3.29527	0	0	0	-0.352701	-0.470112	169	497.098	171	212	168	186.8	191.9	
3	5	5	26	3	3	2	47	172	263	292	1005	195	134	107	3	5	1	274	4	0	0	1028	0	-0.419644	-0.716915	0.593376	0	0	0	116.333	119.3	127	302.446	132.333	91.6667	107	
5	26	2	3	3	5	3	47	259	1037	115	157	194	232	142	1	330	0	1	0	0	0	1040	-0.670474	2.81272	0	0	0	-0.888048	0	113.4	462.877	115	107.333	132.333	98.4	97.3333	
5	3	2	26	3	3	5	47	304	194	158	1038	153	208	296	1	0	0	279	0	1	0	1041	-0.550528	0	0	2.4552	0	0	-0.509479	135.4	132	158	439.006	104	140.333	132.6	
3	3	3	2	5	26	5	47	97	90	92	64	188	899	149	7	3	7	6	18	442	14	970	0	0	0	0	-0.730065	1.48588	-0.91811	66.6667	60	62	64	81.6	323.151	62.9	
2	3	3	3	5	26	5	47	15	22	27	33	48	918	51	1	3	8	4	5	762	3	945	0	0	0	0	-0.929645	-1.99983	-1.01139	15	14.6667	18.3333	22	20.2	120.237	21.2	
3	5	26	2	5	3	3	47	25	94	1004	32	87	40	53	0	4	727	0	1	1	2	1013	0	-1.26605	0.980643	0	-1.1562	0	0	17	37.6	327.625	32	35.4	26.6667	36	
5	3	3	3	26	5	2	47	91	42	41	50	998	89	42	2	0	1	0	692	5	1	1007	-1.12664	0	0	0	3.01277	-0.91003	0	37.2	28.3333	27.3333	33.6667	458.569	37.6	42	
2	5	3	5	26	3	3	47	139	301	158	280	1035	196	216	0	0	0	0	271	0	1	1040	0	-0.791721	0	-0.238584	1.48306	0	0	139	129.5	109	130.2	371.809	135	146.667	
5	5	3	3	26	2	3	47	224	198	135	151	1024	770	122	0	0	0	1	113	0	4	1031	-0.767804	-0.885917	0	0	3.53628	0	0	96.7	84	90.3333	102	505.631	770	82.3333	
3	26	3	5	3	2	5	47	126	1025	163	213	139	115	235	2	360	1	2	0	1	0	1037	0	2.55197	0	-0.786431	0	0	-0.554731	85	440.012	111	91.7	94.3333	115	104.6	
3	5	3	3	26	5	2	47	73	131	63	84	1003	146	59	1	1	2	1	562	4	0	1015	0	-1.05084	0	0	1.93854	-0.878192	0	49	54.2	42	57	390.258	62	59	
2	5	3	5	26	3	3	47	9	31	17	41	841	21	17	1	6	0	5	732	5	0	859	0	-1.24706	0	-1.25387	2.15534	0	0	9	12.4	11.3333	16.4	339.231	14	11.3333	
26	3	3	2	5	3	5	47	1020	125	94	63	154	97	169	509	1	3	0	2	1	0	1029	2.07909	0	0	0	-0.878133	0	-0.903875	406.262	84	63	63	65.4	66.3333	71.5	
2	3	3	5	26	5	3	47	153	257	278	427	1033	442	288	0	0	1	1	110	1	0	1040	0	0	0	-0.188649	2.81175	-0.196665	0	153	177.667	190	199.9	461.028	206.7	198	
5	5	3	2	3	3	26	47	631	791	149	107	565	123	993	2	8	4	1	3	0	48	1028	0.659345	1.74667	0	0	0	0	2.35717	329	466.4	100	107	404.667	83	413.612	
5	3	3	3	2	26	5	47	1005	836	332	303	300	1041	964	0	0	0	0	0	1	0	1041	3.25836	0	0	0	0	2.54321	2.10058	687.9	620	227.667	210	300	446.277	589.8	
26	2	5	3	3	3	5	47	828	45	665	239	248	601	707	84	1	20	6	5	5	29	923	2.14953	0	-0.462306	0	0	0	1.81924	333.677	45	299.9	160.333	166.667	408	420.1	
5	3	2	3	26	5	3	47	1005	983	270	303	1041	1018	347	0	0	0	0	0	0	0	1041	3.29482	0	0	0	5.36481	3.476	0	690.2	774.667	270	208.667	638.742	710.7	239	
5	3	5	26	2	3	3	47	386	235	428	734	245	55	288	25	13	40	173	16	11	18	912	0.12453	0	-0.0312442	-0.194534	0	0	0	188.3	158.667	204.6	182.985	245	36.6667	194.333	
2	3	3	5	26	5	3	47	636	39	36	700	873	423	182	2	4	4	19	58	10	9	937	0	0	0	1.74093	1.15464	1.28183	0	636	26.3333	24	412.5	294.855	237.1	124	
5	2	5	3	3	26	3	47	350	43	556	295	323	780	70	19	5	47	7	12	196	10	916	1.16852	0	0.510428	0	0	-0.578421	0	193.7	43	284.7	199.333	223.333	174.818	46.6667	
26	2	3	3	5	3	5	47	1041	269	440	958	995	343	1010	0	0	0	0	0	0	0	1041	4.9835	0	0	0	3.16296	0	3.09078	612.732	269	306.667	755	675.1	239	680.7	
5	5	26	3	3	3	2	47	935	1003	1034	947	771	780	158	0	0	4	0	0	0	0	1040	2.42336	2.95759	4.19986	0	0	0	0	591	667.6	555.523	739.667	531.333	536.667	158	
3	2	3	3	5	5	26	47	976	311	830	308	1019	813	1041	0	0	0	0	0	0	1	1041	0	0	0	0	3.35405	1.31613	5.19619	779.667	311	587.333	212	703.6	457.4	627.24	
5	3	5	2	3	26	3	47	1016	895	1014	263	979	1041	819	0	0	0	0	0	0	0	1041	3.41633	0	3.36744	0	0	5.86344	0	705.5	675.667	701	263	781	672.754	585.667	
26	3	3	5	5	2	3	47	1041	860	293	938	1022	243	350	0	0	0	0	0	0	0	1041	3.87405	0	0	2.34698	3.34047	0	0	537.055	652	202	588.4	704.8	243	241.333	
2	5	3	3	5	3	26	47	38	457	45	611	624	65	921	3	8	1	3	7	6	121	956	0	-0.569964	0	0	1.72503	0	1.6164	38	203	30	430.667	367.1	44	338.932	
5	3	3	5	26	3	2	47	575	47	483	396	709	53	389	14	7	10	18	125	9	11	887	0.916813	0	0	1.28305	-0.252627	0	0	309.1	31.3333	337.333	222	174.049	35.6667	389	
3	5	5	3	3	26	2	47	899	980	983	839	268	1041	214	0	0	0	0	0	0	0	1041	0	2.55769	2.6692	0	0	3.92931	0	691	627.7	636.5	591.333	182.667	540.825	214	
3	2	26	5	3	5	3	47	833	247	1041	1026	264	932	303	0	0	0	0	0	0	0	1041	0	0	4.02106	3.62535	0	2.31045	0	615.667	247	547.083	725.9	182	582.5	207	
5	3	3	26	5	2	3	47	991	804	916	1032	936	122	149	0	0	0	11	1	0	0	1040	3.01524	0	0	3.29884	2.02105	0	0	663.2	556.667	705.333	493.52	568	122	101.333	
26	5	3	3	3	5	2	47	1041	1022	568	937	341	1000	268	0	0	0	0	0	0	0	1041	4.35311	3.40128	0	0	0	2.99737	0	569.732	708.7	396.667	731	238	668.1	268	
5	3	2	5	3	26	3	47	986	807	262	1010	933	1040	301	0	0	0	0	0	1	0	1041	2.30489	0	0	2.98033	0	4.54955	0	615.9	569	262	673.7	710.667	582.572	207.333	
5	3	2	5	3	3	26	47	1008	880	227	1009	289	821	1041	0	0	0	0	0	0	0	1041	3.21167	0	0	3.15353	0	0	5.31605	687	643.667	227	684	199.667	582	635.415	
5	2	3	3	3	26	5	47	930	189	846	243	250	1038	940	0	0	1	0	0	8	0	1041	1.98919	0	0	0	0	3.38368	1.76633	562.5	189	623.333	167.667	169.667	502.157	555.4	
5	3	26	3	5	3	2	47	396	47	921	47	737	735	36	7	3	77	2	13	5	3	961	-0.256449	0	2.14527	0	1.94197	0	0	183.7	31.3333	370.858	31.3333	443.6	515.333	36	
3	3	26	5	5	2	3	47	820	354	1041	1003	927	302	765	0	0	0	0	0	0	0	1041	0	0	4.45009	2.78124	2.3229	0	0	598	246	576.348	656.5	580.1	302	545.667	
5	2	26	3	5	3	3	47	992	207	1041	254	995	858	280	0	0	2	0	0	0	0	1041	2.79407	0	3.77499	0	3.27506	0	0	650.1	207	530.298	174.667	682.1	650	194	
2	26	5	3	5	3	3	47	555	1041	1008	902	1011	311	766	0	0	0	0	0	0	0	1041	0	5.47194	2.87021	0	3.40169	0	0	555	646.049	665.4	708.667	701.1	215.333	542.667	
3	26	3	5	2	3	5	47	116	982	97	637	452	323	851	2	29	0	4	1	1	6	1027	0	2.66473	0	1.17875	0	0	0.198834	78.6667	428.828	65.6667	352.9	452	221.667	419.1	
26	5	3	2	3	3	5	47	1041	1002	947	238	399	848	941	0	0	0	0	0	0	0	1041	4.91877	3.17809	0	0	0	0	2.19151	608.317	680.8	738.333	238	276.333	614.333	581.1	
2	5	3	5	26	3	3	47	135	881	584	899	1021	153	174	1	4	1	3	12	2	0	1038	0	2.22489	0	2.34805	3.12967	0	0	135	545.9	406	564	476.948	103.333	117.667	
26	5	3	3	3	2	5	47	1038	963	596	232	239	177	960	4	0	0	0	0	0	0	1041	4.1204	2.46977	0	0	0	0	2.83169	552.265	611.5	426.667	159.333	162.667	177	631.4	
5	3	2	3	26	3	5	47	779	113	681	560	944	137	832	5	1	0	4	26	0	0	1039	1.89954	0	0	0	0.575982	0	1.63808	466.8	76	681	397.333	283.018	92	484.9	
5	3	5	2	3	26	3	47	161	106	168	64	128	838	97	19	15	17	11	13	402	10	949	-1.06297	0	-0.731545	0	0	-0.331336	0	66.5	71.3333	72.9	64	86	201.4	65.3333	
2	26	3	5	3	5	3	47	67	1004	118	231	130	215	129	1	429	4	8	3	2	1	1031	0	2.07728	0	-0.25325	0	-0.79836	0	67	399.775	82	107.2	88.3333	92.4	86	
26	5	3	3	5	3	2	47	748	61	32	18	187	41	17	485	16	6	1	13	6	5	800	2.53625	-1.10588	0	0	-1.1519	0	0	320.443	25	21.3333	12	76.2	27.3333	17	
3	2	3	5	5	3	26	47	112	58	133	174	184	110	995	2	1	1	7	4	2	462	1021	0	0	0	-0.978404	-0.87364	0	1.96642	74.6667	58	90	72.8	78.2	74.3333	388.966	
3	5	5	3	2	3	26	47	133	232	207	127	67	127	904	6	13	14	10	5	11	369	989	0	-0.812673	-0.902806	0	0	0	-1.27263	90.3333	99.5	87.6	87.3333	67	87	161.489	
2	3	3	26	5	5	3	47	106	194	203	1009	620	642	190	0	1	1	129	3	5	2	1030	0	0	0	1.83169	-0.390492	1.45491	0	106	134.333	141.333	385.526	282.4	366.8	129.333	
3	5	3	3	5	26	2	47	119	185	93	90	161	962	47	5	9	2	5	1	500	4	1003	0	-0.901564	0	0	-1.01367	-1.40985	0	80	78.3	63.3333	62	67	163.212	47	
3	3	26	5	2	5	3	47	74	149	847	187	31	121	54	7	10	473	16	5	16	4	924	0	0	-1.52876	-0.837591	0	-1.00616	0	49.6667	100	137.071	79.9	31	50.4	36	
2	3	3	26	3	5	5	47	43	82	80	967	102	195	151	2	2	4	500	6	9	8	1005	0	0	0	2.98293	0	-0.847352	-0.912313	43	56	53.3333	442.449	69.3333	83.2	63.8	
5	3	5	3	3	26	2	47	100	95	295	87	79	655	30	25	16	28	24	30	276	6	812	-1.13996	0	-0.765724	0	0	-0.390133	0	40.8	64	127.4	58.6667	53	154.88	30	
2	5	26	3	3	3	5	47	28	149	566	77	64	92	121	7	40	325	22	21	23	31	744	0	-1.09918	-2.18336	0	0	0	-0.691738	28	61.2	67.1877	51.3333	43	61.6667	52.8	
3	3	5	26	5	3	2	47	181	179	593	966	271	200	95	9	4	8	146	3	6	2	1019	0	0	1.46272	1.2813	-0.339212	0	0	122.667	121.667	339.1	334.265	124.3	136	95	
5	26	2	3	3	5	3	47	221	932	53	115	151	630	120	9	150	0	7	4	12	2	980	-0.717779	1.83543	0	0	0	-0.523356	0	96.1	356.357	53	77.6667	102	281.7	81	
2	3	5	3	5	26	3	47	110	324	371	180	404	1020	238	0	0	1	1	3	188	0	1037	0	0	-0.57399	0	0.097715	-0.277179	0	110	222.667	164.7	122.333	196.4	248.772	162.667	
2	26	3	5	3	5	3	47	16	452	228	56	45	53	40	9	199	13	29	19	22	20	577	0	0.29359	0	-1.20338	0	-1.0806	0	16	127.172	153.667	22.6	30.3333	21.8	26.6667	
5	3	3	3	26	2	5	47	641	133	198	157	951	87	222	8	5	4	7	133	1	10	1005	1.65299	0	0	0	1.61999	0	-0.770403	374.2	91	134	105.667	350.188	87	95.8	
3	3	5	2	5	26	3	47	61	95	146	39	80	592	61	23	22	17	11	19	343	19	730	0	0	0.45866	0	-0.809992	-1.63057	0	40.6667	63.6667	74.3	39	34.3	91.7723	40.6667	
5	3	3	5	3	2	26	47	244	188	139	265	140	87	986	2	5	4	4	1	1	322	1016	-0.802798	0	0	-0.570117	0	0	1.94878	104.8	127.333	94.3333	117.7	95.3333	87	384.311	
3	3	5	26	3	2	5	47	84	51	85	542	50	26	117	26	19	30	364	17	11	36	703	0	0	-1.15342	-1.84148	0	0	-0.72608	56.6667	34	34.6	76.4923	34	26	50.8	
5	2	3	3	3	26	5	47	87	36	67	58	98	583	146	28	6	23	14	17	356	35	735	-1.19256	0	0	0	0	-2.17254	-0.834717	35.2	36	45.3333	38.6667	66	69.6308	62.4	
2	26	3	3	5	5	3	47	111	1032	260	227	404	303	225	0	173	3	1	1	1	0	1041	0	0.339619	0	0	0.0701341	-0.527138	0	111	293.409	177	155	195.7	135.4	156	
3	5	26	3	2	5	3	47	202	282	948	132	93	253	167	8	14	297	9	3	10	5	1015	0	-0.499737	-0.98024	0	0	-0.807003	0	138.333	126.5	187.526	90.3333	93	108.6	113.667	
5	3	2	3	26	5	3	47	280	196	70	142	1003	200	170	5	0	2	3	334	5	6	1031	-0.647584	0	0	0	-0.393335	-0.90569	0	123	132.333	70	95.3333	236.991	84.6	115.333	
26	3	5	2	3	5	3	47	895	70	134	45	617	110	82	182	2	11	4	6	6	6	941	2.12085	0	-0.688905	0	0	-0.864164	0	358.966	46.6667	58.5	45	418.667	46.8	55.3333	
5	5	3	3	26	3	2	47	83	61	44	43	790	33	22	11	16	8	2	594	6	4	846	-1.05526	-1.26091	0	0	-2.25651	0	0	34.3	24.4	29.3333	28.6667	90.1292	22	22	
26	5	2	3	3	5	3	47	968	201	60	102	118	194	155	404	5	0	5	4	3	6	1005	-0.698293	-0.867998	0	0	0	-0.820584	0	209.372	85.5	60	69.3333	78.6667	83.1	105.333	
26	5	3	5	3	3	2	47	587	295	59	73	52	48	19	250	21	15	27	16	21	3	711	0.048389	-1.00299	0	-1.22004	0	0	0	155.692	123	40	29.4	34.6667	32.3333	19	
5	26	3	3	2	5	3	47	54	524	23	35	14	53	37	14	433	12	23	7	19	14	625	-1.11331	-0.566677	0	0	0	-0.78373	0	22.1	117.815	15.3333	23.3333	14	22.8	24.6667	
3	5	5	3	26	3	2	47	37	44	66	56	493	39	14	15	13	22	14	377	20	6	595	0	-0.399421	-0.353746	0	-1.88705	0	0	24.6667	20	30.2	37.3333	68.0738	26	14	
3	3	5	2	26	3	5	47	237	258	352	109	1035	224	369	0	0	0	0	189	1	0	1040	0	0	-0.1293	0	3.44594	0	-0.229458	160	177.667	166.1	109	504.929	154.333	171.8	
3	2	26	3	5	3	5	47	249	187	1041	852	394	243	996	0	0	15	0	0	0	0	1041	0	0	5.80151	0	-0.400762	0	2.90092	170.667	187	668.529	603.333	179.2	165.667	659.4	
3	3	5	2	5	3	26	47	44	32	85	27	81	710	1041	0	0	0	0	0	0	254	1041	0	0	-1.15342	0	-1.08889	0	3.48458	29.3333	21.3333	34.6	27	33.3	506.667	510.489	
2	5	5	3	26	3	3	47	159	993	333	826	1041	813	833	0	0	0	0	3	0	0	1041	0	2.96649	-0.613546	0	5.95835	0	0	159	661.5	147	576.667	679.228	563.333	587	
2	3	26	3	5	5	3	47	823	852	1041	823	995	989	228	0	0	0	0	0	0	0	1041	0	0	6.39248	0	2.97719	2.03624	0	823	602	708.84	570.667	663.5	601.1	156	
26	5	3	3	3	5	2	47	1041	1018	198	948	202	736	116	6	0	0	0	0	0	0	1041	5.07959	3.12223	0	0	0	-0.270132	0	619.286	688.1	135.333	736.333	138	340.8	116	
3	26	5	2	3	5	3	47	91	1041	757	711	104	178	729	0	163	0	0	0	0	0	1041	0	2.9279	-0.725221	0	0	-0.9226	0	61	472.517	328.9	711	70	75.1	500.667	
5	3	2	3	5	3	26	47	864	174	785	174	998	975	1041	0	0	0	0	0	0	4	1041	-0.24748	0	0	0	1.78446	0	6.25147	401.3	117.333	785	118.333	590.8	783.667	699.222	
2	3	26	5	5	3	3	47	712	183	1041	996	857	209	812	0	0	0	0	0	0	0	1041	0	0	5.11143	1.93619	-0.151708	0	0	712	124	621.458	599.1	403.2	142.667	563	
2	26	5	3	3	3	5	47	750	1040	961	95	791	139	979	0	0	0	0	0	0	0	1040	0	5.50569	2.49746	0	0	0	2.7325	750	647.729	611.9	63.6667	545.333	93.3333	637.8	
26	3	5	2	3	5	3	47	1041	962	1003	789	277	889	278	2	0	0	0	0	0	0	1041	6.43384	0	3.07992	0	0	2.20955	0	711.662	771.333	675.3	789	189.667	550	192.333	
26	5	5	3	3	3	2	47	1041	791	793	47	44	773	14	57	0	0	0	0	0	0	1041	3.44448	-1.06508	-0.977215	0	0	0	0	507.754	326.8	332	31.3333	29.6667	520.667	14	
3	5	26	3	3	5	2	47	849	994	1041	980	229	1025	142	0	0	0	0	0	0	0	1041	0	1.94585	5.93029	0	0	3.61147	0	590	598.5	677.314	791	157.333	724.3	142	
3	26	3	5	2	5	3	47	117	1041	128	809	114	811	143	0	114	0	0	0	0	0	1041	0	3.80535	0	-0.608932	0	-0.412157	0	78.3333	532.369	86.3333	357.4	114	368.3	97.6667	
3	3	5	26	3	5	2	47	25	797	969	1037	23	37	13	1	0	1	64	0	0	0	1039	0	0	2.55677	3.01364	0	-1.16701	0	16.6667	535.667	620.6	476.529	15.3333	15	13	
2	3	5	3	26	5	3	47	803	802	878	949	1041	853	984	0	0	0	0	0	0	0	1041	0	0	2.03904	0	6.06792	-0.00448291	0	803	557.667	533.8	757.333	686.702	409.2	787.333	
5	3	3	3	2	5	26	47	1001	828	981	836	112	862	1041	0	0	0	0	0	0	9	1041	2.8355	0	0	0	0	2.119	5.7305	658.6	584	780.333	585	112	528.4	663.686	
26	3	3	2	3	5	5	47	1041	824	307	132	839	996	865	11	0	0	0	0	0	0	1041	5.64313	0	0	0	0	3.09931	0.320506	657.726	577.667	211	132	590.667	671.8	432.6	
5	3	2	3	5	26	3	47	380	253	796	181	371	1041	836	0	0	0	0	0	9	0	1041	-0.423038	0	0	0	-0.410973	5.43053	0	172.3	172.667	796	124	168.5	643.225	584.333	
5	26	5	3	3	3	2	47	837	1041	846	810	140	166	79	0	88	0	0	0	0	0	1041	2.03376	5.53482	-0.41207	0	0	0	0	508.6	650.338	384.2	556.333	95	112	79	
3	5	2	5	26	3	3	47	126	683	123	991	1041	646	984	0	0	0	0	6	0	0	1041	0	1.86958	0	1.71762	5.62085	0	0	85	408	123	582.5	656.206	442	788.333	
5	26	2	3	3	5	3	47	807	1041	751	74	64	982	770	0	7	0	0	0	0	0	1041	-0.818526	6.11605	0	0	0	2.6651	0	345.9	689.985	751	49.6667	42.6667	635.6	520.667	
2	5	5	3	3	3	26	47	779	961	729	127	962	800	1041	0	0	0	0	0	0	10	1041	0	2.27195	1.85487	0	0	0	4.91128	779	598.3	434.8	86.3333	765	544.333	607.806	
5	3	3	5	2	26	3	47	980	817	977	986	158	1041	835	0	0	0	0	0	0	0	1041	1.85038	0	0	2.90447	0	6.52699	0	584.2	564.333	782.667	653	158	718.015	580.333	
26	5	2	3	5	3	3	47	1041	808	58	978	790	75	105	28	0	0	0	0	0	0	1041	4.55592	-0.68698	0	0	-0.643327	0	0	583.566	353	58	779.333	347.3	50	71	
3	3	26	5	5	3	2	47	810	859	1041	1012	834	817	41	0	0	6	0	0	0	0	1041	0	0	4.97313	2.86328	1.99407	0	0	549.667	611.667	612.025	667.6	504.7	551	41	
3	2	26	5	3	3	5	47	787	765	1041	971	779	895	792	0	0	8	0	0	0	0	1041	0	0	5.34131	1.56918	0	0	-0.829991	532.333	765	637.138	561.7	525.667	673.667	338.9	
3	3	26	5	5	3	2	47	27	46	1037	799	791	46	20	0	0	196	0	0	0	0	1037	0	0	3.75147	-1.08514	-1.12954	0	0	18.3333	30.6667	526.665	329.1	323.6	30.6667	20	
26	3	2	3	3	5	5	47	1041	123	61	119	973	949	831	11	0	0	0	0	0	0	1041	5.0296	0	0	0	0	2.53338	1.90808	615.877	83	61	80	772	606.4	498.4	
5	5	3	3	2	26	3	47	972	804	786	871	796	1041	786	0	0	0	0	0	14	0	1041	1.24821	1.91781	0	0	0	5.29475	0	542.7	482.7	527	632	796	633.963	528.333	
3	5	2	3	26	5	3	47	808	860	109	231	1041	820	819	0	0	0	0	13	0	0	1041	0	-0.113014	0	0	5.72875	-0.0971491	0	563	406.7	109	159.667	663.566	388.6	570.667	
3	26	3	2	3	5	5	47	207	1041	261	180	973	997	1021	0	0	0	0	0	0	0	1041	0	5.46734	0	0	0	2.07682	3.37932	140.667	645.735	178.333	180	769	608.5	706.6	
5	3	5	2	26	3	3	47	1022	211	1028	139	1041	976	204	0	0	0	0	0	0	0	1041	3.31085	0	3.45926	0	5.42038	0	0	702.9	145.333	716.6	139	642.532	776.333	138.333	
5	26	3	5	3	2	3	47	1023	1041	816	1014	50	26	43	0	1	0	0	0	0	0	1041	3.52133	3.95493	0	3.46958	0	0	0	717.1	542.572	551.333	707.5	33.3333	26	29	
3	3	26	3	2	5	5	47	33	979	1031	26	384	982	837	0	0	0	0	0	0	1	1040	0	0	4.05007	0	0	2.91986	-0.317132	22.3333	783.667	543.794	17.3333	384	651.3	385.1	
3	26	3	5	2	5	3	47	292	1041	309	1039	249	1029	960	0	0	0	0	0	0	0	1041	0	5.15803	0	4.15149	0	4.00442	0	200	624.637	213	769.4	249	752.5	767	
3	5	3	3	2	5	26	47	939	995	110	109	97	1025	1041	0	0	0	0	0	0	0	1041	0	1.8145	0	0	0	3.81513	5.45038	732.667	590.9	74.6667	73.6667	97	737.4	644.578	
5	26	5	3	3	2	3	47	1030	1041	1012	260	973	166	243	0	0	0	0	0	0	0	1041	3.60014	5.83831	3.16246	0	0	0	0	727.1	671.04	686.6	178	781.667	166	167.333	
26	3	2	5	3	3	5	47	1041	789	132	1031	168	182	983	0	0	0	0	0	0	0	1041	5.18595	0	0	3.68506	0	0	1.9916	626.542	580.667	132	733.3	115	122.333	594.7	
26	3	2	5	3	5	3	47	1041	226	170	1021	967	1027	249	1	0	0	0	0	0	0	1041	5.4589	0	0	3.57442	0	3.46231	0	645.16	154.333	170	719.1	771	716.1	172	
26	2	5	5	3	3	3	47	1041	70	999	1017	85	985	95	0	0	0	0	0	0	0	1041	3.90703	0	2.53747	3.50103	0	0	0	539.305	70	638.6	711.6	57	784.667	63.6667	
5	3	3	2	3	5	26	47	1013	190	190	133	975	1026	1041	0	0	0	0	0	0	0	1041	3.33269	0	0	0	0	3.53527	5.25158	698.1	129.667	129.333	133	784.667	720.1	631.018	
26	5	3	3	2	3	5	47	1041	1010	885	207	155	200	1027	0	0	0	0	0	0	0	1041	5.69541	3.14757	0	0	0	0	3.43749	661.292	684.3	669.667	139	155	136.333	714.5	
3	3	5	3	5	26	2	47	987	343	1032	331	1011	1041	228	0	0	0	0	0	0	0	1041	0	0	4.11107	0	3.19364	6.00734	0	791.667	238.333	761.6	230	687.9	682.569	228	
3	26	3	5	2	3	5	47	173	1041	170	1037	134	838	1040	0	0	0	0	0	0	0	1041	0	4.86766	0	4.3402	0	0	4.28111	116.667	604.831	115.667	780.2	134	599.333	778.6	
26	3	3	2	3	5	5	47	1041	272	289	216	978	1021	1032	0	0	0	0	0	0	0	1041	5.71224	0	0	0	0	3.5791	3.61386	662.44	187	197	216	776	719.4	729.4	
3	26	3	5	5	2	3	47	968	1041	293	1026	999	212	327	0	0	0	0	0	0	0	1041	0	5.79176	0	3.6766	2.32054	0	0	772.667	667.865	201	729.2	625	212	225	
26	5	3	3	3	2	5	47	1041	1038	331	321	982	223	1038	0	0	0	0	0	0	0	1041	4.96172	4.34401	0	0	0	0	4.31484	611.246	781.2	229.333	222.333	783.333	223	779.3	
5	3	26	3	2	3	5	47	994	209	1041	822	142	224	1035	0	0	0	0	0	0	0	1041	1.87532	0	5.04607	0	0	0	4.38492	594.1	144.667	617	573.667	142	154.333	781.6	
3	3	5	2	5	26	3	47	282	925	1032	784	993	1041	287	0	0	0	0	0	0	0	1041	0	0	3.61232	0	2.04859	5.42999	0	193.333	704	729.3	784	604.3	643.188	199.333	
5	3	26	3	5	2	3	47	1038	297	1041	253	1029	191	269	0	0	0	0	0	0	0	1041	4.29948	0	6.28336	0	3.57236	0	0	778.3	204	701.397	172.667	724.6	191	184	
2	5	3	3	5	3	26	47	140	1036	210	182	1025	816	1041	0	0	0	0	0	0	0	1041	0	4.37484	0	0	3.58349	0	4.83631	140	781.7	143	124	722.5	570.667	602.692	
5	3	26	3	5	2	3	47	1032	985	1041	275	1039	183	259	0	0	0	0	0	0	0	1041	4.14967	0	4.27096	0	4.36161	0	0	764.1	786.667	564.129	188.333	783.1	183	178.333	
5	2	5	3	26	3	3	47	1030	80	1034	979	1041	134	151	0	0	0	0	0	0	0	1041	3.4083	0	4.27943	0	5.77268	0	0	714.7	80	774	782	666.563	90	102.333	
3	3	26	3	2	5	5	47	820	291	1041	314	200	1036	1035	0	0	0	0	0	0	0	1041	0	0	5.76104	0	0	4.33177	4.34489	582.667	199.333	665.769	217.667	200	778.9	779	
3	26	5	3	5	2	3	47	304	1041	1035	311	872	263	979	0	0	0	0	0	0	0	1041	0	6.09706	4.16321	0	0.742579	0	0	211.667	688.689	767.2	214	459.2	263	788.667	
26	3	3	3	5	2	5	47	1041	61	722	56	1013	34	1029	0	0	0	0	0	0	0	1041	4.11331	0	0	0	3.30752	0	3.76593	553.375	40.6667	500.333	37.6667	696.5	34	737.1	
2	3	3	5	26	5	3	47	190	790	222	1040	1041	1015	248	0	0	0	0	0	0	0	1041	0	0	0	4.38224	6.17853	2.49781	0	190	596.333	151.667	785.2	694.246	646.3	172	
5	3	3	5	2	3	26	47	1031	983	89	962	72	88	1041	0	0	0	0	0	0	1	1041	3.87053	0	0	2.77181	0	0	3.1008	745.3	787	60	629.1	72	58.6667	484.311	
3	5	26	3	5	3	2	47	88	1039	1041	106	1013	967	72	0	0	0	0	0	0	0	1041	0	4.25271	5.57628	0	2.91425	0	0	58.6667	776	653.166	71.6667	671.5	769	72	
5	3	3	2	5	26	3	47	1033	214	209	183	998	1041	970	0	0	0	0	0	0	0	1041	3.79733	0	0	0	2.81911	4.51162	0	742	146.333	141.667	183	655.6	580.545	778.333	
3	26	5	3	2	5	3	47	222	1009	332	162	124	299	150	1	251	7	1	0	1	0	1033	0	2.58985	-0.530079	0	0	-0.692723	0	153.667	435.655	148.3	109	124	130.5	101.333	
3	26	2	3	3	5	5	47	226	1012	151	183	156	312	346	1	204	1	3	0	6	5	1036	0	2.52218	0	0	0	-0.574179	-0.610778	155.667	432.462	151	126	106	138.5	152.8	
3	26	2	5	5	3	3	47	184	995	117	270	266	119	141	2	323	2	7	5	3	2	1029	0	1.69414	0	-0.836436	-0.841805	0	0	123.667	371.212	117	115.4	113.6	81.3333	94.6667	
3	2	3	26	3	5	5	47	69	66	129	928	94	184	173	3	3	4	454	10	6	13	985	0	0	0	2.26303	0	-0.821843	-0.839001	46.3333	66	87	380.837	63	78.8	73.9	
2	3	5	26	3	5	3	47	159	291	379	1023	201	430	199	1	1	2	167	0	2	0	1037	0	0	-0.483786	2.74529	0	-0.344312	0	159	201.333	170.4	452.114	138.667	197.1	137.333	
3	3	2	26	5	5	3	47	191	124	124	999	277	303	169	2	1	0	283	6	5	4	1032	0	0	0	1.80113	-0.726927	-0.805409	0	129.333	84	124	379.708	120.3	130.1	115	
5	3	2	26	5	3	3	47	388	264	177	1022	378	209	185	4	2	0	176	2	1	1	1038	-0.563656	0	0	3.23509	-0.435378	0	0	172.5	179.667	177	484.474	171.1	141.333	125	
2	3	5	3	26	3	5	47	173	215	387	209	1021	280	422	0	0	1	1	135	2	2	1038	0	0	-0.446659	0	3.20942	0	-0.428538	173	147.333	174.9	142	482.283	193.333	191.2	
5	5	3	2	3	26	3	47	235	233	172	104	120	981	120	3	6	0	2	2	340	4	1012	-0.642676	-0.801009	0	0	0	2.86985	0	103.3	100.1	115.667	104	80.3333	441.578	81	
3	5	26	5	2	3	3	47	194	372	1009	330	142	176	252	2	2	212	2	2	0	1	1033	0	-0.627213	2.70684	-0.573787	0	0	0	133	163.9	443.391	146.5	142	119.333	172	
26	3	5	5	2	3	3	47	1032	204	453	396	172	270	233	149	0	1	2	0	1	0	1040	2.28862	0	-0.321235	-0.417232	0	0	0	425.206	138.333	208.3	179.7	172	187	160.333	
3	3	5	3	5	26	2	47	202	208	401	280	442	1039	137	0	0	0	1	0	158	0	1040	0	0	-0.300891	0	-0.423587	3.42137	0	136.667	142	184.9	193	200.4	505.206	137	
26	5	3	3	2	5	3	47	1015	149	81	116	52	167	78	531	3	2	2	0	1	1	1026	3.23885	-1.03527	0	0	0	-0.880425	0	481.409	61.8	55	78.3333	52	70.9	52.6667	
2	5	26	3	5	3	3	47	28	71	858	46	56	27	29	2	17	664	10	11	6	3	907	0	-1.19626	1.38764	0	-1.03468	0	0	28	28.7	302.898	30.6667	23.2	18.3333	19.3333	
2	3	3	5	26	3	5	47	32	37	60	101	899	43	74	0	2	7	11	631	2	9	933	0	0	0	-1.23536	2.71604	0	-1.07139	32	24.6667	40.3333	40.6	395.643	28.6667	30.5	
3	5	5	3	2	3	26	47	300	364	398	183	177	193	1023	0	3	1	0	0	2	163	1038	0	-0.394377	-0.26956	0	0	0	2.70972	207.333	165.7	184.3	124.667	177	132.667	449.729	
5	3	3	3	26	5	2	47	99	55	55	47	897	91	38	12	4	5	1	616	15	3	941	-0.930708	0	0	0	2.24537	-0.93539	0	41.7	36.6667	36.6667	31.3333	367.089	38.3	38	
3	2	3	5	5	26	3	47	210	179	229	442	410	1025	315	0	0	0	2	0	131	0	1039	0	0	0	-0.326335	-0.586267	3.3653	0	145	179	156.667	203.1	181.7	494.64	214	
5	26	2	3	5	3	3	47	25	789	16	15	25	10	12	8	712	1	5	1	2	2	811	-1.24046	1.58941	0	0	-1.24046	0	0	10	288.997	16	10	10	6.66667	8	
5	3	5	3	3	2	26	47	358	162	378	264	182	145	1020	5	0	1	0	1	2	187	1035	-0.481879	0	-0.389061	0	0	0	2.6786	161	110.667	172.2	181.667	122.333	145	446.332	
3	3	2	5	26	5	3	47	30	50	30	87	854	89	48	0	8	2	9	607	17	5	905	0	0	0	-1.10167	2.23314	-1.07	0	20	33.6667	30	35.7	348.825	36.7	33.3333	
2	3	5	5	3	26	3	47	65	76	163	211	114	959	65	1	6	4	7	5	465	3	996	0	0	-0.773367	-0.962574	0	1.54398	0	65	51	70.3	88.5	76.6667	348.354	43.3333	
26	3	3	3	2	5	5	47	1026	316	213	241	215	455	419	113	0	0	0	0	1	1	1039	2.91639	0	0	0	0	-0.370913	-0.232518	464.942	219	145.667	164.667	215	207.8	195	
3	3	5	2	26	3	5	47	72	114	137	52	923	79	186	4	3	8	3	477	2	11	975	0	0	-0.956425	0	2.25276	0	-0.912108	48	77	57.5	52	378.166	52.6667	78.6	
2	3	26	5	3	3	5	47	108	121	1024	225	148	118	233	1	0	360	4	0	0	2	1035	0	0	3.27371	-0.925478	0	0	-0.671373	108	82.3333	488.012	94.9	100.667	80	102	
3	3	5	5	2	26	3	47	118	89	152	205	69	928	80	9	8	14	12	1	447	3	985	0	0	-1.07132	-0.689888	0	2.36865	0	79.6667	59.6667	62.7	89.5	69	387.262	53.6667	
3	3	3	5	5	2	26	47	271	192	220	389	425	153	1022	0	1	0	4	4	0	155	1037	0	0	0	-0.381353	-0.314644	0	2.09018	187.667	130.333	148.333	177.4	195.6	153	407.8	
3	3	2	5	3	5	26	47	269	161	166	395	196	355	1020	1	0	1	1	0	2	164	1036	0	0	0	-0.535954	0	-0.555876	2.77818	185.667	111.667	166	176.3	133.667	158	452.988	
3	5	2	26	3	3	5	47	130	285	137	997	199	134	309	3	4	1	274	4	1	6	1029	0	-0.569277	0	2.48254	0	0	-0.644614	87.3333	126.6	137	423.468	136.667	90.3333	135.8	
3	3	5	26	3	2	5	47	224	146	269	993	135	110	297	4	3	5	274	0	3	9	1029	0	0	-0.71065	2.36667	0	0	-0.940548	152	99.3333	117.1	414.231	93	110	125	
5	3	3	5	3	26	2	47	241	94	161	195	98	1035	100	2	0	0	0	0	424	0	1039	-0.856302	0	0	-0.961418	0	2.69012	0	102.7	63	109	81.8	66	453.671	100	
3	3	3	5	5	26	2	47	111	164	126	223	276	970	72	4	4	4	6	6	336	3	1012	0	0	0	-0.68	-0.747995	2.73934	0	75.3333	111.333	84	97.5	119.5	428.335	72	
2	5	3	3	26	3	5	47	78	205	101	100	952	133	188	5	17	3	6	409	6	9	1013	0	-0.821665	0	0	2.14117	0	-0.941311	78	87.8	68.6667	68.3333	383.074	90	79.1	
3	3	26	5	2	5	3	47	81	121	1016	180	85	200	95	1	1	468	6	1	2	2	1031	0	0	2.21105	-0.970627	0	-0.659406	0	54	82	413.455	75.4	85	87.7	64.3333	
26	2	3	3	3	5	5	47	1036	160	191	203	271	362	388	181	0	0	0	0	0	0	1039	2.90047	0	0	0	0	-0.499426	-0.391359	468.388	160	130.667	138.667	185.667	162.4	176.7	
3	2	26	3	5	3	5	47	230	169	1010	243	382	224	391	3	1	155	0	1	1	2	1036	0	0	2.92341	0	-0.46916	0	-0.516188	158	169	458.163	165.667	172.1	152.667	175	
26	5	3	2	5	3	3	47	928	140	78	55	132	75	103	518	6	8	6	11	3	12	985	2.31387	-0.940568	0	0	-0.740138	0	0	383.929	58.9	53	55	57.2	50	69.6667	
2	3	5	3	5	3	26	47	162	179	349	172	354	230	1006	1	0	6	2	3	3	217	1037	0	0	-0.411292	0	-0.535864	0	2.26643	162	122.333	158.5	118.333	158	157	413.04	
2	3	26	5	5	3	3	47	205	232	1002	392	425	229	258	2	1	139	3	5	1	1	1039	0	0	1.24657	-0.436911	-0.486949	0	0	205	158.333	344.434	177.4	191	156	177	
5	3	5	2	26	3	3	47	489	284	486	227	1041	283	356	0	0	0	0	83	0	0	1041	-0.0136762	0	-0.0321078	0	3.9142	0	0	234.3	194.333	232.3	227	539.794	193	249.333	
2	3	5	3	3	5	26	47	141	196	398	237	267	422	1039	1	0	0	0	1	0	155	1041	0	0	-0.621508	0	0	-0.458717	3.80621	141	134.333	175.5	163.333	183.667	190.4	531.406	
3	3	2	26	5	5	3	47	191	169	136	1029	303	305	142	1	1	1	247	3	1	0	1039	0	0	0	3.16042	-0.621645	-0.704165	0	130	114	136	482.754	133.6	132.9	96.3333	
3	26	3	5	2	5	3	47	149	1019	102	186	89	208	113	1	426	3	2	1	0	2	1030	0	2.80478	0	-0.886487	0	-0.904592	0	100.333	454.32	68.6667	78.9	89	88	77	
3	26	5	3	5	2	3	47	40	960	57	24	58	25	24	0	762	3	1	1	1	0	969	0	3.53456	-1.177	0	-1.01573	0	0	27	473.957	23.1	16.6667	24.1	25	16.3333	
26	3	5	3	5	3	2	47	986	18	60	18	46	31	15	825	0	3	0	1	1	0	992	1.9664	0	-0.971763	0	-1.11965	0	0	385.449	12	25.1	12.3333	18.8	20.6667	15	
3	2	3	5	26	5	3	47	274	248	345	495	1037	527	296	0	0	0	1	70	0	0	1041	0	0	0	-0.27343	3.1354	-0.225423	0	187.667	248	238	229.1	484.803	245.5	204.667	
3	5	2	26	5	3	3	47	227	378	169	1020	406	247	210	0	2	2	145	0	2	1	1037	0	-0.58275	0	0.242006	-0.504992	0	0	155	167.6	169	283.474	182	168.667	144.333	
5	3	2	3	3	26	5	47	241	126	116	126	152	923	252	15	7	7	6	5	306	14	997	-0.823317	0	0	0	0	1.45009	-0.792528	103.2	85.3333	116	85.6667	102.667	329.606	108.4	
3	3	2	3	26	5	5	47	355	325	247	278	1039	492	495	0	0	0	0	66	0	0	1041	0	0	0	0	3.39353	-0.11198	-0.160841	245	224.333	247	191.333	503.311	232.7	232.6	
5	26	3	3	5	3	2	47	207	1033	126	144	211	107	90	0	415	0	0	1	1	0	1036	-0.779975	2.82102	0	0	-0.668831	0	0	89.2	461.655	84	97.6667	92.4	71.6667	90	
5	3	2	26	5	3	3	47	433	221	171	1025	437	233	313	3	0	0	129	2	0	1	1038	-0.288251	0	0	3.29571	-0.406567	0	0	200	149.667	171	489.966	198.6	159.333	214.333	
5	2	26	3	5	3	3	47	99	39	1006	47	126	79	55	3	1	645	0	2	4	0	1018	-1.21856	0	1.96864	0	-1.20556	0	0	39.9	39	393.409	31.6667	50.9	53.3333	36.6667	
3	3	3	2	5	5	26	47	216	250	216	157	421	424	1034	2	0	0	0	0	2	146	1041	0	0	0	0	-0.619375	-0.425018	3.08442	146.333	171.333	148	157	185.7	192.2	479.948	
26	3	3	5	2	3	5	47	1034	269	266	506	215	323	485	101	0	0	0	0	0	0	1041	3.42992	0	0	-0.225954	0	0	-0.0919255	503.357	184.333	184	235.7	215	224	230	
2	3	26	3	5	3	5	47	254	258	1040	339	511	270	503	0	0	80	0	0	0	0	1041	0	0	4.04132	0	-0.32035	0	-0.143724	254	178	547.938	235	235	185	236.9	
5	3	3	2	26	3	5	47	464	343	255	189	1038	261	504	0	0	0	0	103	0	0	1039	-0.35069	0	0	0	2.38626	0	-0.288143	212.5	236.333	177	189	434.317	180.333	232.8	
5	2	5	3	26	3	3	47	236	65	203	80	968	95	122	6	4	6	1	400	4	5	1001	-0.780079	0	-0.903312	0	2.38473	0	0	101.7	65	85.9	54.6667	404.957	63.3333	83.3333	
26	3	3	5	5	2	3	47	1034	199	269	404	421	192	225	135	0	0	2	0	0	0	1038	3.16625	0	0	-0.540584	-0.445436	0	0	485.492	135.333	183.667	180.2	190.3	192	152.333	
26	5	3	3	3	5	2	47	893	36	19	16	25	39	13	770	3	2	2	3	3	2	910	1.26934	-1.25092	0	0	0	-1.13232	0	308.32	14.4	12.6667	10.6667	16.6667	15.9	13	
3	2	3	3	5	26	5	47	104	87	112	165	207	1028	200	1	0	0	0	1	418	2	1036	0	0	0	0	-0.795329	3.10973	-0.92158	70.3333	87	75.3333	111.667	89	478.871	84.4	
5	3	5	26	3	3	2	47	483	247	459	1041	353	284	186	0	0	0	89	0	0	0	1041	-0.288125	0	-0.20188	5.19222	0	0	0	223.1	169	214.5	626.969	244.333	195.333	186	
5	3	26	3	3	2	5	47	446	292	1040	307	276	189	472	1	0	95	0	0	0	0	1041	-0.206327	0	5.0772	0	0	0	-0.153824	208.3	199.667	618.529	216.333	188	189	222	
3	3	5	5	3	2	26	47	32	44	79	82	790	22	924	1	4	8	6	3	2	114	952	0	0	-1.12421	-1.14898	0	0	2.99614	21.3333	29.3333	32.3	33.4	531	22	423.597	
5	26	3	5	3	2	3	47	219	1041	109	226	826	76	120	0	82	0	0	0	0	0	1041	-0.792535	5.48755	0	-0.976258	0	0	0	94.2	647.114	73.3333	94.6	567.333	76	80.3333	
26	5	3	3	5	3	2	47	1033	108	81	71	143	81	53	600	0	0	2	0	1	0	1037	4.3803	-0.900596	0	0	-0.914277	0	0	567.2	45.7	54	47.3333	60.4	55.3333	53	
2	5	26	3	5	3	3	47	771	287	1032	164	278	174	185	0	1	74	0	0	1	0	1038	0	-0.69612	4.5053	0	-0.665962	0	0	771	125.2	575.105	112	121.8	116.667	127	
5	2	3	26	3	3	5	47	291	99	176	1034	134	206	302	0	0	0	287	1	1	1	1041	-0.611139	0	0	4.57175	0	0	-0.635288	128.5	99	118.333	580.72	90.6667	140.667	132.9	
26	3	5	3	2	5	3	47	1019	47	86	64	784	83	53	169	0	0	0	4	4	0	1027	3.38133	0	-1.08127	0	0	-1.01716	0	492.818	31.6667	35.4	43	784	34.5	35.3333	
3	5	3	26	2	5	3	47	200	363	245	1040	170	383	225	0	0	0	193	0	0	0	1041	0	-0.418259	0	4.04064	0	-0.533599	0	137.333	164.7	168.667	547.892	170	171	154.333	
5	5	2	3	3	26	3	47	171	184	782	95	112	1018	88	2	2	3	1	1	125	1	1032	-0.898919	-0.959968	0	0	0	2.8323	0	72.4	77.2	782	63.6667	76.6667	455.711	60.3333	
2	5	3	5	26	3	3	47	794	151	86	176	1041	99	80	0	0	0	0	125	0	0	1041	0	-0.933334	0	-0.963722	5.24586	0	0	794	63.6	58	73.8	630.628	67	53.6667	
3	3	26	2	5	3	5	47	185	224	1039	128	360	196	340	0	0	221	0	1	0	0	1041	0	0	4.86632	0	-0.389024	0	-0.692673	126	152	603.578	128	164	134.667	148.4	
5	3	3	26	2	5	3	47	10	14	10	531	4	13	320	4	9	4	204	2	7	2	560	-1.19267	0	0	2.47263	0	-1.21039	0	4	9.33333	6.66667	225.382	4	5.2	214.333	
3	5	2	3	3	5	26	47	40	80	792	49	48	81	1035	0	0	0	0	0	0	177	1037	0	-0.987795	0	0	0	-1.04986	3.36391	26.6667	33.4	792	32.6667	32	33.5	499.366	
5	26	5	3	3	3	2	47	330	1041	330	184	836	192	147	0	61	0	0	0	0	0	1041	-0.703974	5.44185	-0.568965	0	0	0	0	143.8	643.997	146.6	125	587.333	129.667	147	
5	3	3	3	5	2	26	47	252	149	781	132	221	368	999	7	5	1	4	3	1	62	1029	-0.779908	0	0	0	-0.811277	0	3.313	108.6	102.333	538	88.3333	94.8	368	478.683	
5	3	26	5	3	3	2	47	85	44	1015	90	49	33	172	3	0	629	3	0	0	0	1022	-1.079	0	4.50229	-0.949217	0	0	0	35	29.6667	565.443	37.8	32.6667	22	172	
5	3	3	3	2	26	5	47	312	191	158	153	163	1034	280	1	0	1	0	0	266	0	1038	-0.762852	0	0	0	0	4.27148	-0.783917	134.8	129.333	108.667	103.667	163	560.375	120.6	
3	3	5	5	2	3	26	47	19	18	41	37	10	26	934	0	3	5	4	0	3	805	949	0	0	-1.06273	-1.25157	0	0	3.80164	12.6667	12	16.9	14.8	10	17.3333	477.486	
5	5	3	3	2	3	26	47	147	149	87	72	59	80	1036	0	0	0	0	0	0	571	1037	-0.870088	-1.06722	0	0	0	0	4.45923	62.5	61.5	58.3333	48.3333	59	53.6667	574.203	
2	5	3	3	5	3	26	47	750	84	70	51	92	58	1028	0	1	1	0	1	0	185	1031	0	-0.850803	0	0	-1.04225	0	3.79435	750	35.8	47.3333	34.3333	38.1	38.6667	524.988	
5	3	3	26	5	2	3	47	295	194	148	1037	276	101	147	0	0	0	300	0	0	0	1039	-0.765724	0	0	4.66395	-0.753758	0	0	127.4	131	100.333	588.668	119.4	101	99.6667	
2	3	26	3	3	5	5	47	155	240	1040	272	228	393	375	0	0	160	0	0	0	0	1041	0	0	5.16077	0	0	-0.390439	-0.449889	155	163	624.225	186	155.667	179	169.4	
3	5	2	3	5	26	3	47	289	430	769	288	432	1039	316	0	0	0	0	0	38	0	1041	0	-0.214732	0	0	-0.389153	3.89136	0	199.333	200.6	769	196.667	196.8	537.203	216	
3	3	3	5	26	2	5	47	269	211	243	408	1040	773	365	0	0	0	0	53	0	0	1041	0	0	0	-0.563385	4.89871	0	-0.549397	184.667	143.333	167.333	181.4	606.366	773	162.6	
26	5	5	3	2	3	3	47	1040	419	442	256	796	237	257	32	0	1	0	0	0	0	1041	5.31998	-0.213521	-0.329936	0	0	0	0	635.074	195.5	203	175.333	796	163.333	175.333	
3	3	3	2	26	5	5	47	27	23	21	741	965	42	40	3	3	1	0	196	2	3	977	0	0	0	0	3.83882	-1.14238	-0.861669	18	15.3333	14	741	495.665	17.1	17	
3	3	26	5	2	3	5	47	215	169	1039	357	153	239	328	0	0	226	0	0	0	0	1041	0	0	4.85642	-0.461828	0	0	-0.695644	145.667	115.333	602.905	161	153	162	143.1	
5	3	3	26	2	5	3	47	397	191	205	1040	135	377	274	1	0	0	161	0	0	0	1041	-0.4234	0	0	5.10257	0	-0.602024	0	180	129	140.333	620.258	135	166.7	190	
26	3	2	5	3	5	3	47	1039	242	183	458	259	416	285	129	0	0	0	0	0	0	1041	4.96127	0	0	-0.446356	0	-0.324501	0	610.043	166.333	183	207	178.333	191.2	197	
3	26	5	3	3	5	2	47	38	672	509	42	389	495	32	6	143	39	10	34	25	6	821	0	-1.8128	-0.194591	0	0	0.13189	0	25.3333	96.1754	238.1	28	262	241.7	32	
5	26	3	2	3	5	3	47	543	828	46	37	590	95	21	11	131	9	4	26	12	3	912	-0.740249	1.52437	0	0	0	-0.849652	0	235.4	299.738	31	37	422.667	40.5	14	
5	3	26	3	3	2	5	47	813	75	1038	815	157	123	975	0	0	12	0	0	0	0	1039	-0.179116	0	1.56282	0	0	0	2.18836	381.1	50.6667	378.311	591.667	105.667	123	601.9	
3	5	5	2	3	26	3	47	83	980	793	87	582	1035	135	0	1	0	0	1	10	0	1040	0	2.65037	-0.22582	0	0	3.25484	0	55.3333	633.4	369.4	87	404	491.969	91.3333	
2	26	3	3	5	3	5	47	102	1025	837	73	609	126	944	1	17	0	0	2	0	4	1036	0	2.57698	0	0	-0.518367	0	2.50459	102	441.692	595.333	49	272.5	84.6667	601.5	
3	3	2	5	3	26	5	46	9	30	6	54	2	153	71	7	14	6	19	1	96	29	232	0	0	0	-0.384702	0	-1.65865	-0.0177882	6	20	6	24.6	1.33333	23.2369	34	
5	3	3	5	26	3	2	47	1004	163	88	475	1033	813	124	0	0	0	0	14	0	0	1041	2.8391	0	0	-0.0268165	3.11831	0	0	660.8	110.667	60	227.2	481.778	571.667	124	
5	5	26	2	3	3	3	47	906	991	1039	130	232	189	533	0	0	6	0	0	0	0	1040	1.76608	3.1487	2.49713	0	0	0	0	535.3	671.5	442.283	130	157.667	128.667	377.333	
5	3	2	3	3	5	26	47	506	75	59	64	341	873	966	5	3	1	0	2	13	48	1012	1.38531	0	0	0	0	2.01603	0.529814	286.9	50	59	43	232.333	529.5	286.689	
3	5	2	3	3	5	26	47	315	339	26	44	38	327	677	21	31	7	8	6	19	267	818	0	0.862757	0	0	0	-0.192689	-0.634762	217.333	181.1	26	29.3333	25.3333	153	149.218	
3	26	3	5	3	2	5	47	20	579	25	142	128	12	410	2	148	7	19	24	3	38	686	0	-0.951919	0	-0.878224	0	0	-0.520263	13.3333	115.548	16.6667	60.3	85.6667	12	183.4	
5	2	3	3	26	5	3	47	979	120	748	104	1039	868	954	0	0	0	0	8	0	0	1041	2.54207	0	0	0	4.17487	1.97807	0	626.1	120	510.667	70.6667	556.505	524.4	757	
2	5	26	3	5	3	3	47	50	643	966	79	815	642	53	0	8	88	3	20	4	0	1015	0	1.21038	0.784295	0	2.01745	0	0	50	357.5	302.8	53.3333	494.4	454	35.3333	
3	2	26	3	5	3	5	47	34	19	805	578	389	40	639	3	1	87	14	15	3	10	868	0	0	0.519399	0	-0.72097	0	1.82916	23	19	238.372	389.333	169.1	26.6667	380.1	
3	3	5	3	26	5	2	47	103	8	41	13	258	142	8	15	5	16	9	110	51	5	367	0	0	-0.603998	0	-1.24548	-0.107264	0	69.3333	5.33333	18.1	8.66667	46.4031	67.2	8	
2	3	5	3	3	26	5	47	112	349	988	364	846	1037	982	0	0	0	0	1	7	0	1040	0	0	2.90407	0	0	2.26	3.00099	112	242.333	654.3	252.667	629.667	425.32	656.3	
3	3	3	5	5	2	26	47	513	12	30	574	581	24	696	18	3	11	20	24	6	114	808	0	0	0	1.70585	1.65353	0	0.363942	345	8	20	337	339.2	24	199.009	
3	5	5	26	2	3	3	47	119	627	745	948	70	65	582	1	4	27	76	1	4	4	1029	0	0.600545	1.08417	0.523359	0	0	0	81	324.6	408.3	280.948	70	43.6667	420.667	
5	3	2	5	3	26	3	47	864	533	95	889	63	1018	119	3	1	1	1	0	41	0	1032	1.1393	0	0	2.37802	0	2.0216	0	476.5	380	95	559.4	42.3333	401.631	79.3333	
2	5	5	3	26	3	3	47	27	807	638	53	842	633	637	2	49	2	4	73	6	8	940	0	1.99479	-0.832375	0	1.3142	0	0	27	488.4	272.9	35.6667	293.2	434.667	431.667	
5	3	3	5	2	26	3	47	914	205	874	953	136	1031	174	0	0	0	2	0	13	0	1039	0.846902	0	0	1.663	0	1.22554	0	487.3	140.333	655.333	556.9	136	352.975	118	
3	26	3	3	2	5	5	47	55	1014	563	109	85	912	751	0	22	0	1	2	3	3	1034	0	1.06154	0	0	0	1.35123	1.68476	36.6667	336.262	394.667	73.3333	85	515.1	439.9	
2	3	3	26	5	5	3	47	160	216	821	1039	810	996	150	0	0	0	6	0	0	0	1040	0	0	0	3.03997	-0.204563	2.78413	0	160	145	585	479.24	378.4	652.1	101	
5	5	2	26	3	3	3	47	876	818	124	1004	543	572	390	1	1	0	36	0	1	1	1035	1.43909	0.791946	0	2.55646	0	0	0	499.6	433.3	124	431.302	368.667	396	272.333	
3	5	3	5	2	26	3	47	756	527	145	891	692	1035	131	0	3	1	0	0	36	0	1040	0	-0.406729	0	2.09801	0	1.58764	0	542.667	239.5	97.6667	545	692	378.902	88.3333	
2	26	3	5	3	5	3	47	65	971	88	610	667	745	86	3	79	2	5	6	4	1	1012	0	1.44623	0	0.0939992	0	1.28945	0	65	346.489	59.3333	296.4	486	417.9	58	
5	3	5	3	2	3	26	47	403	373	779	120	80	113	1009	2	3	5	0	0	0	81	1033	-0.65331	0	0.739935	0	0	0	0.795197	176.9	262.667	410.1	80.6667	80	75.3333	316.994	
26	3	2	5	5	3	3	47	1028	190	135	799	823	756	199	12	0	1	1	0	3	0	1041	2.46755	0	0	1.82013	1.30403	0	0	435.612	131	135	474.8	462.4	549	134.667	
5	2	3	26	3	5	3	47	455	107	892	1031	198	861	131	0	0	0	27	0	0	1	1040	-0.664844	0	0	1.88212	0	0.231687	0	199.4	107	680.333	397.332	133.667	425.8	88.6667	
3	2	3	5	3	5	26	47	63	90	156	513	539	659	1026	0	1	1	1	1	1	116	1036	0	0	0	0.86791	0	0.729497	1.42261	42.3333	90	106	274.2	379.667	346.5	364.514	
2	26	5	3	3	5	3	47	19	997	63	966	19	973	20	0	50	1	0	0	0	0	1031	0	0.50885	-1.18629	0	0	1.35862	0	19	294.517	25.5	767	12.6667	550	13.3333	
2	3	3	5	26	3	5	47	4	7	643	755	186	7	658	0	1	2	207	24	1	3	937	0	0	0	-1.17533	-2.47693	0	-1.13876	4	4.66667	431.667	306.7	18.2246	4.66667	268.8	
2	5	3	26	3	5	3	47	56	929	40	1006	510	171	31	0	6	0	53	3	1	2	1024	0	0.747479	0	-0.286984	0	-0.815342	0	56	489.5	27	244.711	349.333	73.3	20.6667	
3	3	26	5	3	2	5	41	1	482	557	12	1	4	703	0	3	10	4	0	2	26	743	-0.816497	0	-0.00102502	-1.20539	-0.816497	0	1.55585	0.4	321.667	140.561	4.8	0.4	4	406.1	
5	3	5	2	3	26	3	47	66	12	816	18	807	873	10	14	2	9	2	4	60	3	910	-1.02299	0	-0.928999	0	0	-1.36467	0	27.4	8	344.1	18	543.667	150.677	6.66667	
3	5	3	3	2	5	26	47	774	63	9	9	10	60	837	6	14	0	2	3	9	56	874	0	-0.986071	0	0	0	-1.05055	-1.50197	520.333	26.3	6	6	10	24.8	136.92	
2	5	3	26	3	3	5	47	84	831	34	1006	32	815	838	0	16	0	28	0	0	2	1033	0	-0.824049	0	0.330983	0	0	-0.445661	84	355.9	22.6667	285.449	21.3333	558.667	378.8	
5	5	3	3	26	2	3	47	979	828	28	24	934	36	981	9	0	0	0	12	1	0	1037	1.50037	1.96386	0	0	-0.22279	0	0	562.1	499.5	19.6667	16	231.123	36	781	
5	3	2	26	3	5	3	47	194	53	57	754	32	237	177	28	4	11	338	5	44	22	907	-0.836962	0	0	-1.4394	0	-0.869369	0	82.9	35.3333	57	126.412	21.6667	100.8	123.333	
5	3	5	2	26	3	3	47	833	15	801	19	903	11	81	2	0	2	0	29	0	2	1014	-0.939894	0	-0.840961	0	-1.1383	0	0	350.7	10	342.2	19	169.262	7.33333	54	
5	26	2	3	3	3	5	47	806	769	5	716	4	7	730	191	15	2	1	0	0	6	983	-1.18958	-1.55281	0	0	0	0	1.86368	326.7	123.212	5	479.667	2.66667	4.66667	435.8	
3	5	3	2	5	26	3	47	822	978	30	35	809	1012	34	1	1	0	1	4	23	1	1023	0	2.86369	0	0	-0.784206	0.307914	0	564	645.2	20.3333	35	348.5	285.622	22.6667	
3	2	3	5	26	5	3	47	60	53	50	828	978	182	810	0	0	1	7	92	3	7	1009	0	0	0	-0.59728	-1.23263	-0.912875	0	40.3333	53	33.3333	366.4	177.289	76.9	556.667	
3	2	5	3	26	5	3	47	811	25	789	10	849	969	11	1	0	5	0	12	8	0	1037	0	0	-1.08878	0	-2.42217	1.20504	0	545.333	25	324.8	6.66667	87.6677	538.4	7.33333	
3	5	3	5	2	26	3	47	20	809	59	157	20	914	16	1	5	6	9	2	80	3	943	0	-0.998868	0	0.074819	0	-2.07077	0	13.3333	337.6	39.3333	76.1	20	115.462	10.6667	
3	3	26	5	2	3	5	47	142	54	633	817	45	30	809	3	2	20	42	1	0	45	1022	0	0	-1.87631	-0.69931	0	0	-0.815716	96.6667	36	87.9385	356.3	45	20	346.9	
3	3	5	3	2	26	5	47	27	984	72	11	20	1019	809	1	1	1	0	0	25	1	1025	0	0	-0.999983	0	0	1.97275	1.97489	18	793	30	7.33333	20	398.763	488.6	
26	5	3	2	3	5	3	47	1039	1031	794	26	27	160	39	3	0	1	0	0	0	0	1041	3.06695	3.45013	0	0	0	-0.863209	0	481.077	718.1	549.333	26	18.3333	68.1	26	
26	5	3	3	3	5	2	47	949	723	29	10	8	789	10	51	0	0	0	1	61	1	1019	0.222862	1.91608	0	0	0	-1.15744	0	262.554	434	19.3333	6.66667	5.66667	321.4	10	
26	5	2	3	5	3	3	47	1002	942	15	813	43	10	12	7	26	0	0	2	0	0	1032	1.06569	1.06296	0	0	-1.10895	0	0	332.557	515	15	550.667	17.6	6.66667	8	
2	3	3	26	5	3	5	47	87	788	25	935	811	22	816	0	3	1	18	52	0	2	1027	0	0	0	-0.24139	-0.875785	0	1.98413	87	534	17.3333	230.231	344.7	14.6667	493.3	
5	3	5	2	26	3	3	47	982	29	193	47	958	800	42	43	1	2	1	26	3	1	1031	2.76084	0	-0.875856	0	-0.605458	0	0	641.5	19.3333	82	47	213.037	558	28	
3	5	26	3	2	3	5	47	30	130	924	19	33	106	132	3	12	603	2	1	10	8	970	0	-1.00032	3.30799	0	0	0	-0.86029	20	54.2	442.483	12.6667	33	71.3333	56.2	
26	5	2	3	5	3	3	47	995	134	20	14	133	822	15	128	4	2	1	5	1	0	1013	2.17783	-0.913805	0	0	-0.696442	0	0	402.751	56.6	20	9.33333	58	557	10	
2	5	26	3	5	3	3	47	27	107	887	34	180	109	17	6	10	541	2	14	10	1	934	0	-0.956329	-1.90028	0	-0.723558	0	0	27	44.9	121.954	22.6667	78.2	73.6667	11.3333	
3	5	26	5	3	2	3	47	50	986	1036	793	38	33	962	0	0	4	1	0	0	0	1041	0	1.44997	3.08254	-0.505082	0	0	0	33.3333	563	480.748	355.5	25.3333	33	763.667	
3	26	5	3	5	2	3	47	14	1003	979	22	78	38	762	0	24	2	0	0	2	1	1015	0	-1.50141	1.36365	0	-0.89945	0	0	9.33333	164.16	553.7	14.6667	33	38	514.667	
3	5	26	5	3	3	2	47	19	811	561	837	110	35	22	2	14	77	20	3	5	4	967	0	-0.867927	-1.81549	-0.739721	0	0	0	12.6667	345.1	80.1415	362.9	73.6667	23.3333	22	
3	5	3	5	26	3	2	47	756	56	11	90	833	7	14	9	11	0	15	72	1	2	873	0	-1.11903	0	-1.07226	-2.41262	0	0	509	22.9	7.33333	37.1	86.5292	4.66667	14	
5	2	3	26	3	3	5	47	113	26	22	732	32	420	462	22	9	1	225	5	14	30	829	-0.917089	0	0	-0.937926	0	0	1.43157	47.7	26	14.6667	146.794	21.3333	287.667	263.3	
